3700 11200 7300
12600 35700 33200
27300 69700 78900
47400 112300 144400
211100 172600 229700
303400 245300 334600
417400 327900 475200
538100 421600 604000
688200 533000 768300
839600 659400 956900
863500 784200 1163800
407400 892400 1395300
482000 1084300 1623100
555000 1240100 1885900
636400 1422400 2168900
736700 1597700 2471200
815300 1818700 2792900
916100 2021300 3135900
1019400 2247300 3494100
1128700 2478800 3882300
1241800 2699400 4300600
1390000 2963400 4705000
1487100 3247700 5164100
1615900 3463900 5627900
1753100 3824900 6089700
3515900 4123600 6586200
2048700 4452000 7113400
2204000 4779600 7659500
3265500 5106900 8218800
2528400 5489200 8791600
8698100 5756300 9403000
5288700 6339000 10009500
3048500 6616900 10659400
6832000 7087100 11313000
3433100 7221000 11997900
3631400 7887700 12692500
3853600 8270500 13404100
4046300 8758300 14149700
4261100 9165200 14891900
4476000 9609600 15701200
4705300 10172700 16475300
8396900 10581700 17311600
5179800 11263500 18134600
5436800 11966900 18994500
5673100 12234300 19877800
5920300 12922100 20791700
12194800 13594500 21681100
6443200 14130700 22618800
6778200 14955100 23558800
6992500 15109000 24554300
7276500 15482200 25542100
7571600 16558300 26608000
7873100 17126100 27579500
9397900 18024400 28655700
8456800 19043800 29767100
8770800 19494100 30883200
9091800 20476800 31955100
9514400 21065000 33089100
9756100 21760000 34212500
10335800 23004100 35403500
10530400 23871800 36572000
10925500 24195500 37776000
11340300 25204600 39032800
11526100 26327500 40279500
11834100 27543700 41598100
12173900 28502300 42861000
12563100 29692300 44172700
12934600 30263500 45503800
13317400 31136700 46853500
13715300 32332200 48150100
14095200 33807200 49637200
14499900 35127900 51150100
14925000 36217100 52480800
15306700 36942500 53903500
15755700 38010400 55377700
16130200 39467400 56840700
16565300 40639500 58402600
17007500 41692600 59905700
17445400 42994000 61438100
17886100 44645100 63021600
18327500 45320300 64662900
18822500 46837200 66241000
19271500 47827200 67893300
19731600 49365800 69499400
20184700 50383400 71179600
20674200 52244200 72877500
21161500 53650000 74606200
21662600 55151100 76320500
22127700 56164500 78025600
22659700 57949600 79815000
23202800 58590200 81558800
23883700 61316200 83411900
24405200 62017400 85194600
24687800 63391500 87082800
25207100 65332100 88977700
25869600 66920000 90875800
26280200 68367600 92756800
26834100 70344000 94698100
27476700 71804700 96610200
27930200 73585700 98609600
28498600 76036200 100553200
29070800 77699100 102525500
29621000 79278800 104595500
30397300 81059200 106643100
30789500 82371400 108698400
31424600 85088400 110811100
31962200 86430800 112860800
32636600 88718500 114998600
34223500 90547500 117212000
33979400 92908300 119384300
34429700 94356500 121570800
35124200 96424800 123775500
36753500 98842700 125925800
36409900 101152200 128132200
37201600 103775300 130414300
37692700 105921700 132679600
38368600 107581100 135044100
38925600 110474600 137351100
39547400 112252400 139662300
40307400 115016500 142062100
40905300 117707100 144420600
41597900 120030200 146812100
42271300 122290100 149257400
42910700 125568700 151811900
43625500 127368200 154164500
44344100 129569400 156788000
45432700 132407900 159240100
45810600 135899800 161582800
47212300 137868500 164148600
47389500 140868900 166745400
48088900 143281700 169285400
49151900 147155900 172052600
49418600 148733500 174562600
50184100 151808700 177207800
51185600 155586800 179932500
51669600 158455800 182547500
52473000 161662800 185322800
53502300 165495200 187980700
53983800 167786400 190629500
54971600 172766000 193497500
55513000 175092900 196243600
56341300 178122800 199070100
57161100 180877000 201833600
57896800 184052300 204612700
58714700 187478500 207514000
59599700 191132200 210408300
60636300 194723000 213193900
61177300 198153000 216178700
61971500 201856400 219153400
62954300 204922400 222093900
63648400 208806800 224928700
64518700 211379800 228756700
67127600 216816100 231094800
66254700 219379400 234130300
67329900 223655600 237190700
67937800 227570900 240372700
68983400 231332900 243393700
69736500 234848900 246510100
70804200 238563900 249633500
71866500 242866300 253622300
72980500 247086900 255907200
73263200 251440300 258958800
74271700 254822700 262412900
75294900 259904600 265528300
76071600 263179000 268773400
76903500 266874800 272139400
77818300 271630400 275370800
78832900 275480800 278676500
79768800 280328500 282095000
80817700 286569900 285360900
81621800 289413600 288644600
82706800 293716700 292193200
84111100 298331400 295566100
84950500 302936000 299025100
85601600 305907100 302383300
86419900 313872100 306883200
87647500 316496100 309431000
88490000 320809300 313044500
89581900 325166500 316429100
91029600 329296200 320077200
91532200 334812000 323604700
92621700 339557900 327156400
94033100 342269000 331048200
95128300 348596800 334326200
95787500 354514400 338121600
96615300 358220200 341718400
97714800 362355400 345337500
98755100 369915900 349069300
99934600 375582800 353073200
101144600 380482000 356775100
102099700 384580700 360375400
103083900 390544000 364153400
104132900 395056700 367954600
105498300 399548900 371785100
106459700 403351600 375722000
107314400 411523000 379429100
108298400 414701500 383474000
109648400 421099900 387322300
110855200 425237200 391132600
111914500 431853200 395166000
112969300 437625800 399378300
114121600 444542900 403060700
115236900 447840300 407067000
116204400 453875900 411108400
117566200 457887900 415062000
118512000 465166300 419276000
120231900 471776300 423401700
121186400 476425100 427607000
122190300 483032400 431679200
123754300 489585300 435632100
124842400 494831200 441654000
126585800 501894000 444452800
127127400 506175900 448153700
128192200 513722800 452333700
129462500 518554800 456707100
130270100 525584900 460922500
131556000 529876000 465216900
132796500 537124500 469614500
134341100 543275300 474020400
135457700 548954600 478198300
136621000 556435000 482496500
137603700 563919600 486829200
138903100 569765800 491125600
140489000 575464500 497116200
141377800 582564900 500411900
142819800 588413400 504639900
143823100 595460900 509169400
145105500 602274700 513815400
146874900 607905500 518246500
147901200 613128500 522682400
149152200 619712800 527321400
150311100 626212400 531897900
151721300 634193600 536421600
153622800 640910100 541302700
154217100 647097000 545790600
156367200 652973000 550328500
156845000 661523400 554923400
159405400 668248400 559798400
159758000 676729500 564677300
161054700 681165400 569254400
162167200 688883300 573918900
163475000 697613900 578558200
165615700 703898100 583292300
166513900 710440500 588148500
167568400 719365600 592948600
169009600 727020500 598288200
171865300 732532200 602794900
171702700 738008100 607694500
173183200 747151300 612714500
174886900 752186300 617516700
176026800 760409900 622496500
177505100 767771400 628363300
178837500 776011400 632478500
181155900 782937400 637471500
181508500 790330300 642406400
182911700 796954700 649238100
184817400 803427900 652780400
186381100 812433500 657846900
187452500 821244600 662719500
188695400 825916800 668127700
190460900 835567400 673306200
193836100 843325100 678187300
193236200 850636000 683667800
194734000 859202400 689022200
196180600 867254400 693795400
198816900 873676400 699094700
198911900 881258200 704663100
201297100 888965000 709828500
202273200 895963600 715130000
203844300 904561100 720783900
205191500 914855400 725952900
206908200 923407600 731137700
209444400 927513900 736990000
209672300 938023000 741986000
211299700 946476300 747637700
212943500 954608500 752672900
214152000 964619100 758033500
215767300 971017400 763889200
217420500 978063900 769346500
219246700 986578300 774603800
220659600 997060600 780336700
223407400 1003401300 785919000
223686300 1012235800 791452800
225267800 1019867900 796891000
227379700 1027835500 803778900
228456200 1035566000 808374700
230022400 1043789300 813774700
232385200 1049449100 819764600
233330700 1061716500 825472700
234921300 1069265400 831663000
237031800 1077525400 836583600
238382200 1084961400 842571000
240279500 1099255500 848502500
242084800 1105002100 854024700
242890400 1112220800 860677500
246015100 1119832100 865634700
246777000 1130124500 872451900
248213100 1138966100 877365000
249563100 1146235300 883862600
251510400 1155913900 889360900
253651600 1165542200 895114900
254752700 1175447800 901606900
256437300 1181101200 908154700
258040500 1190955900 913313000
259982900 1200233500 919354700
261660200 1208602900 925186500
263637900 1219358100 931325700
265084900 1228954200 937467100
267540500 1237673600 944085600
271256200 1247675200 950086400
270137800 1254888100 955786100
271831900 1268242400 962301900
273487400 1273581600 968281400
275186600 1281687900 974916000
277208200 1292166300 980990700
278870900 1300577600 987298600
281111600 1309888700 993304500
283124400 1322002300 999636700
284192100 1331878000 1005759800
292291800 1340067800 1012676500
287581900 1347307400 1018738300
289490500 1357573700 1024817400
291738800 1371093300 1032089000
295707700 1378911000 1037865200
295206000 1389502500 1044043600
298933300 1397056900 1050916800
299094200 1408399600 1057062900
300218100 1418478000 1063194400
302527700 1426839200 1070227800
304328300 1436438500 1076082500
305811200 1446909400 1082938300
307848100 1455716600 1090704100
309927200 1468176300 1095906600
312125800 1474869000 1105297800
313678300 1481550000 1109349700
315176900 1496021400 1115638300
316868400 1500370500 1122286500
320880100 1510086200 1129530400
321025700 1521332800 1136494700
322783600 1530755600 1143025500
325397700 1541502000 1149350600
327278100 1552128100 1156044400
328948500 1566288000 1163077900
330278600 1576968700 1170794700
332265300 1586100400 1176394100
334162100 1592779800 1183254900
336241800 1602894800 1190479100
338298100 1613956600 1197167900
339858300 1623038600 1203764700
342167800 1638353000 1210409000
344212500 1644624600 1217527900
345745500 1652487600 1225345600
347962500 1667270600 1231544100
350894200 1681053500 1238728100
352838400 1687183500 1245786100
354025500 1698337400 1253099500
356061100 1708840700 1259695600
357535000 1719243100 1267215400
360277500 1729654000 1274156000
362276300 1744106900 1280792200
366806500 1748141400 1287950900
366686800 1759437000 1294883000
369359700 1774350900 1302970900
370025700 1782681400 1309791100
371974300 1795771500 1317029500
373933600 1809581300 1324213100
376548500 1817087500 1332219000
378635200 1829726100 1338483900
380436800 1837748900 1346329100
382009200 1850314700 1353102700
384523100 1860264700 1360783000
386373800 1873925400 1367813600
389373600 1882887600 1375685500
391062000 1891186200 1382436600
394507900 1902966600 1390619300
395218300 1915806900 1397424800
398205600 1928566500 1405151800
399414100 1937343000 1412675300
400816900 1949046000 1419698100
403175600 1962132100 1427880300
405637900 1971540200 1435228700
407239200 1986090100 1442653300
410131400 1993448700 1450907900
411856500 2007280900 1458210500
414203000 2015111500 1465229700
416213100 2027589000 1472711300
419082000 2039888500 1480504300
421159200 2050373500 1488341200
424771500 2066661600 1496131400
424740000 2076990400 1504097500
427061600 2089750700 1511737200
433302600 2100917700 1519231700
431309800 2111887200 1527133400
433731900 2123382400 1534847800
435408300 2140045600 1542378700
438103400 2146594000 1550532900
440340400 2158142500 1557964500
443595300 2172319500 1566639800
444759400 2181874000 1574173500
448850400 2195458300 1582059700
449142300 2209241300 1589545100
451259600 2220120300 1597535700
456625400 2233758400 1605492400
455509900 2242990200 1613719300
457633900 2252269800 1622303700
460872200 2266887500 1630226300
468126600 2282072000 1638002500
465129800 2295592000 1646138100
467332100 2304006400 1654221000
469653800 2316511700 1663783000
479636700 2331858800 1670075100
473535500 2342225200 1678184800
477638300 2352099300 1687819400
478198200 2362469200 1695534700
