200 2500 3600
200 6900 12600
200 14500 26900
400 23400 46900
300 35200 72500
400 51600 103900
500 72100 140400
600 91600 183000
700 114600 230900
800 141100 284400
800 168900 382500
900 200900 407900
900 240300 478100
900 286700 558800
1100 470100 946100
1100 358000 722100
1500 406100 814000
1200 456100 914400
1300 512500 1015700
1400 562200 1125200
1400 614200 1240000
1500 674600 1359600
1600 732500 1487500
1600 801200 1639200
1700 862800 1759200
1800 943900 1901700
1800 1009400 2053700
1900 1086200 2197900
2000 1170300 2382800
2000 1247000 2532400
2100 1330700 2694200
2200 1424300 2868300
2300 1510800 3067300
2300 1767800 3237600
2400 2003100 3430200
2500 1811000 3629500
2500 1961800 3834300
2700 2012200 4041900
2600 2160000 4381000
2800 2370300 4483800
2800 2352700 4843800
2800 2492200 4933300
2900 2570200 5234600
4300 2780700 5413100
3100 2817900 5716100
3200 3013000 5915300
3100 3077900 6560200
3300 3297500 6469100
3300 3380800 6860400
3400 3482900 6991200
3400 3749600 7295000
3500 3772200 7702300
3600 3913400 7935200
6300 4107400 8148800
3600 4315200 8493700
3800 4348100 8869100
3800 4496500 9456400
3900 4649300 9526000
4000 4851300 9753000
4100 5110300 10082900
4100 5268600 10394300
4100 5544700 10736300
4200 5889800 11097000
4300 5781300 12704400
4400 6042500 11871400
4400 6033200 12193300
4500 6228900 12570300
4600 6389000 12941200
4600 6565400 13301000
4700 8092100 13691500
4800 7246100 14086400
4900 7139400 14510400
4900 7346000 14900400
5000 7564700 15363800
5000 7875600 15755500
5100 7990500 16162800
5200 8202500 16568300
5200 8432300 17001600
5300 8643900 17441100
5500 8917800 17890500
5500 9146500 18361300
5500 9351200 18790300
5600 9674100 19241000
5700 9845500 19748300
5700 10045500 20182500
5800 10283100 20684400
6000 10535900 21144700
5900 10918300 21739400
6000 11072800 22466800
6100 11513700 22676600
6200 11618500 23143900
6200 11860300 23729200
6400 12403000 24526800
6300 12344700 24691100
6500 15838400 25551400
6400 13010400 25810300
6500 13153200 26295200
6600 14453100 28299200
6700 13682600 27388300
6800 13948400 28627800
6800 14239200 28497400
6800 14730200 29057100
6900 17560700 29655300
7000 15102000 30322300
7000 17659700 30854300
7200 15693300 31390100
7200 15970700 31984800
7300 16305100 32593900
7300 16606400 33721800
7400 16917200 33820900
7500 17221800 34444600
7600 17504500 35064300
7600 17801800 35891800
7700 18132900 36326100
7700 18485700 36950900
7800 18796100 37637600
7900 19108400 38339400
8000 19501100 38916700
8000 23741400 39595300
8100 20091400 40230600
8100 20489300 40921000
8200 20767200 41795700
8200 21117300 42299600
8400 21574800 43011200
8400 21949400 43638800
8500 22478400 44350500
8500 22584100 45109000
8700 22947100 45782000
8600 23218600 46468600
8900 23860000 48348500
8800 23974100 47987000
8900 28642500 48666400
8900 24686800 49625200
9000 25020800 50166800
9100 25532900 50943400
9200 25889800 51676200
9200 26171300 52467500
9200 26604600 53419200
9400 26954100 53991500
9400 27372700 54738600
9500 27724200 55706300
9600 28132000 56365000
9600 28529200 57222000
9600 28904200 57916000
9700 29263000 58735200
9800 30309400 59594600
9900 31097100 60399700
9900 30497500 61326000
10000 30973300 62000700
10100 31351300 62942000
10200 31770900 63698600
10200 32532900 64635600
10300 32670000 65360200
10400 33105300 67304500
10400 33406800 67211000
10500 33813600 67993500
10500 34258300 68937400
10600 34726700 69723600
10600 35180200 70676300
10700 36841100 71519600
10800 36057200 72492000
10800 36498800 73526100
10900 36959400 77437200
11100 39553600 76556800
11100 37861200 76188900
11200 38363400 76951600
11200 39510200 77895400
11300 39548000 78980400
11300 39749700 79828500
11400 40238900 80822700
11500 40643600 81664900
11500 41147700 82990300
11600 42043800 83804000
11700 44041500 84565000
11700 42661900 85748000
11800 46252000 86564300
11900 43665000 87586400
12000 44157500 88516100
12000 44883200 89675200
12100 45117900 96894300
12200 46200400 91541400
12200 46699100 92646600
12300 46950500 94115800
12400 47077500 94618700
12400 47719900 95603100
12500 48130200 96779200
12600 54315000 98012000
12600 49320600 98730600
12700 52578300 101897500
12800 52408500 100936700
14900 50757000 101846100
12900 51552400 102874800
13000 51867400 104581500
13000 53055600 106006800
13100 58469000 106177300
13300 53750800 107399000
13300 54996700 108407600
13300 54841600 109573500
13300 55411700 110870000
13400 57003000 111784100
13500 56190700 112817200
13500 56688600 114010500
13600 57272800 115229600
13700 57810400 116677800
13700 58371500 117352300
13800 58984000 118524400
13800 59548100 119570000
13900 60081200 120958400
14000 60554800 122155900
14100 61530100 124047200
14100 61718300 124713000
16300 62341100 125565600
14200 63126400 126817200
14300 63721600 127873100
14500 64213900 129142500
14500 65085200 130840400
14500 65654700 131496800
14600 65951000 132887100
14700 66592000 133993600
14700 67114800 135252700
14800 67693000 136497400
14900 68569600 137773500
14900 68917400 138916300
15000 69649900 140139400
15200 70496100 141902000
15200 71085800 144419200
15200 71416500 144012500
15200 72108600 145177800
15300 74414500 146461200
15400 73313800 147988600
15500 73907400 148968500
15500 74586000 153434100
15600 75173300 151635700
15700 75802600 152986400
15900 76562700 154561700
15800 77214700 155874000
15800 78492400 156880000
15900 78531200 158278000
16000 79061900 159790300
16100 79679400 160869500
16100 82158600 162270000
16300 81104300 164096600
16200 82940100 164896900
16300 82444000 167003200
16500 83191800 168378300
16400 83644700 169045200
16500 84375900 170575700
16600 85182800 171760600
16600 85840000 173172200
16700 86361000 174565200
16800 87143000 176010600
16800 89033600 177398800
16900 88758000 178794400
17000 89212100 180324700
17200 90289900 181907300
17100 90751300 186265200
17200 92168900 184494900
17300 92194000 186028200
17300 93012500 187418800
17400 94882500 188965500
17400 94212600 190577600
17500 95714200 191663500
17800 96349000 193615500
17700 96509600 195335600
17800 98440400 196914500
17700 97923200 197574700
17900 98714400 199038800
17900 99501600 200888600
18100 100092100 202160300
18000 101342600 203532200
18200 103967800 205146700
18200 102450800 211449900
18400 103935100 208669100
18300 104231600 209756300
18400 106639000 211359700
18500 105682700 212780000
18500 108429000 214285100
18700 111504400 215823200
18700 107702100 217402800
18700 109232400 219055900
18800 109311200 220506300
18900 110164200 222791400
18900 111143400 226138000
19200 112189000 225665200
19200 113016800 226956600
19200 117020200 228490200
19200 114103700 230052800
19300 115617300 231960900
19400 115612000 235164400
19400 117007900 235787000
19400 117889500 237906700
32600 118798900 238477900
19600 120635100 240185900
32800 119642000 241379000
19700 120775900 242976100
19800 121338600 246025300
19800 122650900 247239900
19900 123601900 248186000
20000 123518100 252723000
20100 127852100 252506900
20100 125537900 259064000
20200 126411200 254757000
20300 126869100 256644200
20400 127866200 259093200
20300 128647200 259811000
20500 129610600 261473600
20500 131326700 264085000
20600 131216100 265143400
20700 133406600 268030800
20800 132731100 268409800
20800 134290800 270076400
20900 134773100 271818700
20900 135287500 273610100
21000 136303100 275845700
21000 137285300 277470500
21200 137993200 278895400
21200 140251300 282390600
21200 140903900 282234100
21300 142869700 284531600
21500 144698300 286444400
21500 143211900 287799500
21600 143470400 289595000
21600 144965800 291353000
21600 145383100 293200100
21700 148030200 300738300
21800 147151500 298923200
21800 149525300 300929700
21900 149080900 301886200
22000 149737600 302474100
22100 150577100 304999700
22100 152107100 306000800
22200 152302600 308191100
22200 154250300 310650700
22300 154224800 311858600
22300 156923600 314249800
22500 156235100 315306800
22500 157807400 317670400
22600 157643100 319191100
22600 159026900 322119100
22800 160420100 323555800
22800 161880000 324970800
22800 164030800 327497200
23000 166911500 328759500
23000 164489900 330553500
23100 164466100 332299200
23100 166321100 334249500
23100 166440800 337002500
23300 167377400 338461500
23400 168648200 340804400
23400 170689900 342646500
23400 174951100 343989700
23500 172633000 345866300
23600 172066300 348014500
23700 174200100 350757400
23800 176723100 351784100
23800 176764900 354009500
23900 177359500 358275900
23900 179942400 358065100
24000 178049300 359743800
24000 180851100 362043600
24100 179915200 363730300
27700 184321000 366750100
24200 183857700 368739900
24400 182851100 370089100
24300 185957100 372948000
24400 185427300 375347400
24500 187389600 376673400
24500 189216200 378019200
24700 189214400 381521300
24700 189446200 382224500
24800 191583200 384622000
24900 191158400 387607500
25000 192623700 388315200
24900 194377600 392893300
25000 193995400 393120800
25200 195858600 395106600
25200 198131200 397077800
25200 197620300 398752700
30000 198179100 401229100
25400 200780600 403342700
25400 200938200 411394600
25500 201368600 408981000
25600 202403400 409993100
25600 203648900 411859100
25900 206897700 414389400
25800 206485300 417805300
25900 207357500 419225100
25900 208246300 420914300
25900 209146100 423430500
26100 210798300 426813900
26100 210886200 427117700
26200 214172700 429089800
26200 215783800 431411700
26400 214769000 434785000
26400 217363900 435796600
26400 216610900 438067100
26500 217439600 440114800
26500 219945400 442437100
26800 219706500 444818800
26700 220720900 447018700
26900 223488000 449098100
26900 230967400 451542700
26900 225982700 454317400
27000 225712800 457313300
27100 227234800 458223500
27100 227231500 461521500
27200 228611200 463772600
27300 229750200 464879000
27300 230964000 467458400
27300 235921800 471321800
27400 233738900 471950900
27500 234165500 473891200
27600 235362000 476716700
27600 237524300 479472400
27700 238436900 480828900
27800 238968700 483376400
27900 244195900 487237500
28000 240642900 488566800
28000 243401300 491317900
28100 243189700 493366100
28200 244247000 495437900
28200 251611700 497347900
28300 247303600 499417400
28300 249903600 502251300
28400 252544000 504770800
28500 250093900 507532400
28500 251393000 509659500
28500 256159400 512368900
29900 253836900 514441000
28800 258491900 518006600
28800 257508700 518696000
28900 258890000 521348400
28900 258586900 524349600
29000 262415600 528291100
29100 263438700 528456100
29200 263340700 538497300
29300 263580000 543321300
29200 266141000 535887800
29300 266716700 539179500
29400 267041500 540944600
29400 268962900 543115800
29500 269274700 546236100
29700 272057900 548447000
29600 272231200 550638500
29700 277164400 555175300
29800 277880600 555728000
29800 276891300 558943100
29900 281085200 560716500
30000 278667400 566063800
30100 282894400 565389800
30100 280352800 568959800
30200 280812800 574126000
30200 283825000 574114300
30400 283924500 575447800
30400 289647400 583334400
32600 286315700 582103400
30500 290602000 583590700
30600 289850500 588026900
30800 293419700 588805700
30700 293230200 590892600
30900 292399400 594035000
30800 294689400 599825600
30900 296711100 599206200
31000 296142500 601587900
31100 300868200 604613300
31100 300702400 608319300
31100 300277500 609528000
31200 303769000 611703500
31300 305017900 614843100
31400 307563700 617139700
31500 306399500 620480600
31500 309996400 622903500
31600 308050000 625211800
31600 317299900 628906000
31600 315441100 629950200
31800 312400900 632638100
31800 313208900 636331100
31900 315159800 638134800
32000 315483200 641389200
32000 320956600 646658600
32100 319450900 646057800
32200 319298300 650255700
32300 323580600 652072400
32300 324027700 654857800
32400 325649100 659375200
32400 325483600 659512500
32500 329704300 664356200
32600 329911100 665058900
32700 329076200 668590000
32700 330525300 670225500
32800 332856400 673333800
32800 332682000 676517800
33000 334844600 678893200
33000 335554600 681827700
33100 337285000 684455300
33200 338257400 686888700
33100 339446100 690303800
33300 340695100 693272600
33300 345074500 696097200
33400 344225000 701469400
33500 348949900 700770000
33600 349947100 705680300
33600 350306700 708526400
33600 349460300 710852100
33800 351535100 712071800
33800 353048900 714762500
33900 353642000 718088200
33800 358203800 721669200
34000 356886400 726227800
34000 364576900 726875800
34000 362812600 729384800
34200 360632200 732374800
34300 366373400 735805400
34300 368019700 740609500
34400 369980400 741017500
34400 366316500 744957100
34500 367616100 747127500
34600 369967400 750344300
34700 376911200 752173300
34700 372261300 756907700
34800 373551500 758231800
34900 374883400 761037500
35000 376561600 763607000
35000 379460300 767009400
35000 384750400 769909200
35100 383187700 776912500
35200 384891600 778870200
35300 383662700 778302800
35300 385944000 781172700
35400 386986800 784195300
35600 391366400 788038900
35500 398552600 791589500
35600 394709400 793449900
35700 393883100 796454900
35700 399157000 800698000
37400 401321100 802504200
35900 399911600 805667700
36000 401180200 809953600
36100 403440200 811241600
36100 409552600 815652900
36100 404714300 818396300
60400 406912200 820487800
36300 405793800 823600100
36300 412728000 827627900
36400 416515000 830977100
45900 413509000 832823100
36500 417166200 836800100
36700 415210900 839007600
36600 416455200 841630600
36700 423285500 845245400
36700 419542100 848432700
36900 421702700 854508700
36900 424317600 854571900
36900 429622700 860251100
37000 424745000 862549400
37100 426366100 864120100
37200 430501100 868632100
37200 431232000 870453800
37300 430608900 872717100
37300 438708000 877125700
37400 439659300 880667600
37600 438111400 882685300
37600 439105500 888365900
37800 441417200 891177400
37700 442100200 891884800
37800 446159600 901363200
37800 442618300 898491300
37900 446065300 901783300
38100 450987400 907919900
38000 459171400 907551400
66900 449027100 911038300
38200 450763400 913653400
38200 457315400 918087200
38400 457050900 920062900
38300 458962200 924787200
38400 463150900 927105700
38600 460328100 931754100
38500 462173200 933479800
38700 468965000 936334300
38700 464606800 941134300
38900 468580900 944199100
38800 468734800 946187800
39000 470457900 951620800
39000 473747100 952941400
39000 473329400 957554800
39100 473560200 959623500
40900 478267200 965479400
39300 480429800 966370800
39400 481651100 971228900
39400 481384200 972404000
39400 482756700 983614500
39500 488085700 979702700
39600 489440900 984032000
39600 491813900 985860600
39700 490895800 991547300
39800 490476600 993096000
39900 491002100 996340800
39900 500730600 1000419200
66800 494381000 1002186700
41800 499278200 1006365900
40100 504169700 1009314400
40200 507202400 1012606600
40300 508108500 1018196000
40300 508399500 1018922500
40400 504497900 1026560000
53500 507560600 1025347400
40500 509862600 1031215700
40600 512862800 1032712600
40700 513108500 1035983700
40700 516119700 1042131200
40700 518064800 1044932600
40800 519256800 1047667700
40900 521968700 1051417900
41000 522082100 1052544000
41100 528733500 1060464600
41100 523310600 1060653700
41200 533449200 1066193400
41200 530809900 1067623900
69000 535800900 1072182600
41400 535486000 1073760700
41400 532093800 1079430700
43300 535921000 1080990900
41600 540921200 1084702600
41700 539357900 1089122300
41700 541834400 1091283200
41800 545291300 1099527100
41800 547068100 1098351300
41900 553344400 1101868600
42000 547300500 1105259300
42000 550811100 1108948500
42100 550785200 1111831200
42100 556738800 1117019200
42200 565865300 1119884700
42300 556498500 1122808000
42300 556971200 1128589800
42400 565313800 1130829100
42500 560154200 1134667300
42600 563789000 1136650400
42600 572079600 1144406100
42700 571401100 1145726300
42700 571834500 1148474500
42800 569832100 1154125200
42900 577326000 1154317200
43000 581764700 1164536600
43000 577248200 1161886100
43100 592103200 1166056900
43200 579285400 1169111300
43200 580609100 1173672500
43400 586322000 1177815400
59200 585978700 1182990500
43500 590273300 1186153800
45400 589332900 1187218100
43600 592443100 1190720500
43700 591257700 1195282700
43700 592997200 1203662700
43800 596194400 1203303800
43900 603592600 1208300100
44000 599263400 1210941400
44100 601262100 1215799200
44000 615937400 1218571100
44100 604226400 1221330600
44100 610295300 1224322400
44200 606520200 1229230600
44300 619824600 1234938800
44400 614855800 1235030200
44400 616780100 1240571400
44500 614604500 1243363700
44600 618298500 1246477900
44700 621288100 1255238200
44700 628745000 1253819400
44800 622660600 1256900800
44900 625786000 1263477800
44900 629188000 1265079700
45000 630452200 1271467000
45100 631301000 1276754200
45200 633402400 1276251200
45200 634628500 1281989000
45200 642075500 1284370000
45300 638511100 1288943800
45500 638770600 1291789600
45500 644250700 1295441600
45500 646921700 1301149800
45600 646420700 1307397600
45700 649732800 1306418500
45600 651770200 1311562400
45800 656646300 1314874600
45800 655974600 1319949000
45900 655494600 1321272700
46100 662210900 1327233700
46100 664683100 1331091700
46100 661537300 1332802400
46200 675134300 1338537100
46200 671946500 1343850500
46300 668594200 1347580200
46400 670508100 1349738200
46400 677962500 1353424300
46500 674522000 1362477100
46500 676539600 1362888400
46700 681189100 1366454300
46800 682331800 1368342400
46800 679999900 1372830000
46800 683975600 1377559600
46900 689953200 1383123700
46900 688409200 1385759500
47000 695449100 1390298000
47200 696072800 1393819800
47300 700719100 1397392900
47300 694650300 1400335300
47300 695048800 1405681400
47400 702033200 1410035500
47500 703082200 1412808200
47500 701642600 1417803700
47500 705480600 1422350800
47700 714437100 1424815600
47700 710910900 1430525900
47800 713393800 1432340300
47900 717476500 1436538000
48000 712798800 1440970100
47900 715430000 1448921100
48100 725279900 1448035700
48100 721161200 1454703000
48200 724369200 1456088500
48300 727583900 1460825200
48300 731204900 1464429100
48400 727809100 1471157100
48400 734488300 1478180200
48600 735382700 1476161200
48700 738214700 1480907200
48700 741205700 1489028600
48700 750713800 1493106600
48900 752123400 1492867700
48900 751492700 1497574600
48900 747288000 1502478100
49000 747459800 1505165300
49000 759180000 1511220700
49100 754158600 1512808000
49100 772349800 1518322100
49300 757312700 1522770600
49300 758415500 1524958700
49400 762649100 1528980700
49500 765403200 1542424400
49500 766677000 1537398400
49600 773487200 1546563300
49600 771841700 1545779800
49700 775479800 1550753600
49800 775688300 1555787500
49900 780282300 1558647100
50000 786253500 1569158600
49900 778761400 1566532300
50000 783086700 1574033500
50200 788142900 1577098600
50200 796626200 1580174800
50300 787484600 1582972200
50200 796050100 1592182200
50400 794707300 1592579300
