3800 6900 4900
12600 20600 16700
27400 38900 33000
48100 64300 71100
73800 93200 83800
105400 129700 154800
142400 170300 211000
185000 217500 273900
233200 273200 344800
290300 328000 426600
355100 388600 516200
415400 475800 612200
486200 534200 510900
562600 615900 828600
640400 702000 954600
732100 789700 1072700
824700 887300 1219700
923900 989300 1366000
1047300 1093900 1529700
1138000 1212900 1689800
1253300 1334700 1857200
1379600 1453600 1993000
1500700 1583600 2173500
1644000 1715700 2427500
1775200 1872800 2461400
1924500 2010800 2669200
2062100 2158700 3069200
2228200 2329200 3300900
2376600 2485500 3538800
2541700 2683700 3792700
2718600 2828000 4050700
2927400 3011400 4298500
3424400 3197100 4334900
3264200 3401900 4847900
3499100 3741100 4948800
3655000 3791000 5128100
3871500 3990500 5396900
4097300 4212000 5740900
4299500 4425900 6135100
4531000 4660200 6417600
4732100 4874300 6664700
4970800 5128700 7414200
5200300 5361500 8902100
5453000 5628100 8129000
5699800 5886000 8496700
5932500 6177600 8881300
6205900 6376600 9075100
6592800 6657200 9473600
6748700 7003000 10082900
7074500 7203800 10259600
7307700 7527600 10188800
7616500 7782200 11180900
7893100 8111000 11156000
8213800 8397600 12217800
8511900 8691100 12691000
8802600 9164500 12854000
9120800 9638000 12775500
9463000 9662200 13982800
9764500 10020400 13715100
10151700 10348200 15105300
10443800 10672100 15100200
10780400 11000800 13364600
11156700 11373300 15804400
11501800 11748100 17176600
11872400 12096100 17299200
12197300 12462500 15097900
12602500 12845200 18290800
13026400 13216700 19457700
13375700 13644900 18789700
13763300 14007300 20388600
14176100 14411900 20572100
14543600 15019200 21250500
14956000 15216400 21486100
15365100 15629800 22888200
15775700 16051400 22452800
16169700 16569400 20983600
16643100 16924500 23586200
17078000 17553100 24869600
17603900 17833000 25331200
17956500 18232200 26132200
18376800 18701600 25809500
18812600 19155800 26388100
19726500 19599600 24331200
19799000 20130100 26392000
20260000 20582400 23410000
20745100 22725800 29703700
21198700 21637800 24434200
22022100 22051100 32437000
22366100 22856700 36464000
22665900 23010900 32483600
23162100 23524200 22915600
23795800 24052900 34764800
24233600 24574600 34478400
24799800 25168000 36978900
25287400 25614200 37411600
25841100 26151300 37655100
26372300 26731000 38508600
26860100 27256600 40228900
27834600 27844100 38692200
28001300 28383800 41676000
28563000 29027600 32498400
29105000 29522600 42722600
29769900 30540800 43612200
30287000 30636400 42389200
30893300 31324600 44424600
31464000 31855900 46198400
32032700 32429900 46579400
32655400 33057800 46742600
33249500 33809600 46995000
33818100 34258500 48424000
34457600 35059300 48475100
35159300 35829700 50089000
35934000 36204300 42405500
36368400 36785500 52482600
37006100 37426400 52705300
37638800 38210900 53989100
38322700 38743800 56365400
39019800 39436800 55393000
39682300 40093900 55852700
40296100 40735500 58885200
40977200 41471100 59612200
41661800 42083300 59447300
42261200 42757000 60325600
43600700 43727000 60953900
43695900 44197700 62277600
44427600 44922200 63988700
45244500 45610000 62328900
45863800 46534300 43748900
46636600 47070100 66518600
47349100 48039700 67474000
48193900 48524100 68451300
50344000 49420700 58504900
49580700 50017200 72297200
50498300 50741700 70825700
50984100 51482100 74150000
51909000 52265000 66672100
53774200 53198400 63698500
53255700 53789900 76825900
54088400 55561800 78639500
54800400 55340700 80943800
55628600 56115900 79351900
56307500 56927800 81198500
57164600 57702000 82147800
58116900 58516500 83385700
58884200 59342300 84044500
59672900 60166600 85192000
60568700 60984000 87200800
64629500 61792300 87956700
62313600 62645400 87899100
63040800 63465300 83944000
63947500 64356700 92326200
64673300 65202100 73019900
65495300 66037300 80908800
66441300 66913600 86664100
67217800 67796700 96508000
68191800 68604300 84960700
69052200 69508900 98274300
69822300 70543500 100562700
72165300 71312600 103007100
72310800 72418400 96183600
72505800 73460500 71713900
73365700 74415100 106070000
74882200 74866300 106911100
75150200 75775900 105991500
76068900 76716900 108009400
76968300 77941000 112499200
77990200 78702000 112369300
79008300 79582700 112077900
79840400 80457800 114614800
80898800 81622800 115296700
81769100 82915600 86297800
86425100 83701200 97358800
83674000 84438700 119624200
84763800 85308300 130889800
85669800 86305900 124514900
86526000 87288200 115450300
88006400 88296300 127466400
93255300 89296100 129738000
89679700 90239200 101786000
90820200 91621700 131359300
91540700 92591400 132255500
100389300 93579200 134673600
94018400 94257500 93694300
94786600 95308100 125125100
95694600 96469400 137869100
96759800 97380600 118579500
97712100 98820100 121683500
99592500 102348900 145714600
99957000 100547500 96087300
100988400 101617100 148475600
102065700 102670500 146608700
103002600 103796300 124771500
104480500 105243500 119704000
105562200 106055500 160676000
106265300 107230000 152252100
107388000 108345000 150345200
109409900 109819500 128684300
109519400 110738000 154897400
110789700 111443700 137233000
113076200 112591200 160995000
112852100 113668200 162081300
114020000 120317400 126024700
115458400 116035900 149870100
116291700 117095000 152316600
117861200 118204300 170624300
121028100 119354700 169696800
119780900 121189200 199555100
121485700 121828300 173015700
122212700 123570600 137169700
123584800 124254900 173215900
124982800 125734800 156692300
126112500 126455400 183018800
127813100 127575300 182833100
127968700 128796800 159715200
129388000 130319200 191424100
131078500 131353400 187491700
131864200 132829500 165425500
132954400 133848200 149191700
134248500 135042000 191536800
136011400 136161000 195211100
136363100 137308700 195360000
137717300 138831000 197148100
139535100 140654100 201481600
140280400 141267700 200153400
141419700 142401100 174030100
142931800 143682100 206682300
144135400 145117500 207904100
145453800 146590400 209146300
146631000 147583800 216801400
147805100 148842400 215319700
153189200 150105800 152071000
150555500 151299700 230479400
151908000 152595100 217881400
156187300 153816800 217969700
154326000 155968600 188664400
155731700 162222800 194200800
157051600 158007500 225215700
158276800 159130100 183866700
159965100 161196300 230344500
162471600 162022900 231607400
162712100 163310300 234606800
166333500 164539000 229685400
165809100 165848500 215664300
166342200 167309100 238526400
167940600 168775400 218637300
169216500 170321000 224406100
173605300 171521300 242030400
171898700 173424900 242552900
173872200 174114300 250222200
174830000 175813400 190153600
176398400 177166000 255297000
178065200 179503100 252498600
178854400 180037300 234704100
180506000 181445500 267787300
182316300 182658800 234422500
183236300 184035800 194695000
184624400 185629400 218099500
185999600 187306600 269304200
187508100 188579300 240215800
193169400 189854100 254072800
191337300 191776600 273326000
191969000 192836900 214339200
193256300 194427600 257550200
194925000 195815800 257084000
196249300 197362000 283426000
198651100 199057100 285817000
199183600 200101700 288522500
200916600 201892000 286420400
203691500 203340400 264155700
203945300 204787500 234712100
205455200 206209500 293239500
207337800 208720400 278593600
208201800 209242700 296655700
210437700 210819400 218815700
211412600 212394800 200523100
212945500 214016600 318968700
218447500 215785900 273646500
217375700 218835400 266974300
217537900 220462900 303180600
219895400 220070900 318464300
220864700 224700200 311021200
222311300 226594800 317888400
223722800 224928200 311477400
225277600 226378000 361518400
227682800 227978800 325745700
230753700 231354400 342002300
229962900 231174300 340627100
231834600 232690700 306833500
233514800 234323900 332741600
234939600 239915500 339638500
236563400 237831500 290137300
238753300 239934300 249445600
239865200 241175200 343490500
241340300 242873600 346698500
243428700 244168500 327347900
246207600 245947900 276355500
246684100 248392300 350062000
248040300 251323800 305792700
250614500 250870300 360146600
251947000 252797800 358141600
253229800 254578700 358952500
255320400 256680000 366119200
256700200 259340100 372563000
258319400 259310800 371376300
259832500 261709100 334746000
261710800 262872200 378279600
265736000 271944700 377073500
265224400 266093600 371461500
266951500 268013900 380835900
268509700 269764800 386130800
270443000 271699400 389578700
272068300 273221600 398749700
273898000 275452100 330281500
276426700 278739700 293072900
283408300 279499100 360152600
278967100 280243500 320688800
281428100 282081800 348758900
290176500 284361100 441415700
285539000 285865100 389262700
286117700 288015000 410105800
288347100 289025300 352139400
289795600 291762700 401107700
291428500 292734700 329358500
293907700 294676100 420688500
295489100 296435400 428192900
298182900 298685600 426371900
300548200 301593200 391612300
300883800 302040300 379236400
302841200 303753100 436067900
305881400 305475600 423065200
306178200 307360200 444635700
308023700 309165700 447692700
310060900 311538700 380219000
315869700 313767300 393190900
314031400 315169900 403319100
315667800 317900000 450547000
318169300 319190900 411903900
320906500 321062300 456743900
325388300 322594600 495570300
323522800 324370100 465468400
324797800 326121000 402703200
326990400 328513300 581252200
329331100 330662000 397319400
330633800 331987000 395868300
333416500 334023100 479825400
334357900 335917500 478204100
341982400 337782500 467687800
339709600 339614200 485525200
340989200 341463800 487515400
343570700 345008800 422029400
344130700 345654400 435804000
352449800 347692500 498227900
348183200 351108600 493978600
353991000 351461300 337747700
352129100 353506000 507044700
354221200 355794300 537445100
357487600 357560600 532984400
358680600 362445400 516769300
360035400 361351200 468126800
362126600 363386600 433309800
364099500 365695300 494564800
367035200 367452600 455406600
370067300 369494400 616566900
373209000 372981000 459398500
371981600 373587800 458211300
374576800 375757300 536414900
376455200 378066500 440175900
378387400 381619200 528476500
380404400 383092700 518870900
382175200 384890100 553758300
384902400 386535800 411923900
388370000 388147000 384967900
388911200 390051100 555664400
392281100 392106400 560819500
392433900 395205300 544001200
395281100 396679700 562324900
397171100 398391400 596001300
398940600 401189300 517861200
401601200 402938700 681189200
403407700 406705100 578540200
407685900 407039900 476171500
408016200 409607800 579648100
411557200 412690100 587828100
412086500 417705900 542477400
414016700 415408000 547132800
417159300 417876100 474833600
418433600 420593600 503437600
422294300 422471100 505069300
425004300 425735700 526816300
425904000 428716700 636861300
428074000 433939200 523005000
431040200 430811600 497980000
431558400 433087800 601572200
439284500 435139500 572911200
436762600 437379400 561291500
439855500 440687600 632173900
441446300 442347400 528063400
451353200 444297900 657986100
444765000 447722400 638309100
447130000 449319900 597338500
449715200 450480100 662700000
454469300 454896800 598441800
454216700 455089100 665348000
455986900 457945000 536345200
458709400 460709600 618819900
464131100 462222900 658560700
472712500 466633300 574918100
464964800 466666000 565454700
468549200 468992900 675138300
469470300 480969000 639335300
474576100 475593500 609036400
474188500 477768600 752096600
476783000 478081300 676799700
479232800 482829700 573448900
481933700 482576500 692026900
483393500 485034800 695149800
485792600 489689900 698556200
488462500 495211100 749036000
491129900 492401300 741771600
492875300 494881400 513295700
496444900 496661800 623845100
497601200 499373700 567561100
500255400 502998500 664375400
506265200 504017400 717711900
507004400 509379700 599462900
508024600 508864200 579483000
509468500 513446100 731717700
512462100 513812100 640023800
515829600 516475500 548758300
518325300 518085000 750914200
518673100 521174800 720102800
524020900 522858200 629908100
527147600 525268200 631327700
527063000 528414600 772146000
529530200 531591200 640502900
531431100 532873400 672277300
534020100 535289600 769088300
541191000 538703700 662165300
539338900 540455900 713671600
541563900 545987200 772234900
543809800 544711700 913430900
548128000 556770900 910117100
553447800 549832200 630881400
555309100 554036000 682963200
558282100 559518300 742595800
556511100 558879400 798964500
560245400 559630300 775503700
561739500 563843400 798376600
564376000 564945000 750329200
565764700 567171600 738292400
573979800 571863400 830797300
572396300 574526000 604671800
581419900 575332500 958427600
576337500 578969800 817708300
579385300 580535000 761708100
581957800 583466900 838603500
585989200 585235800 653635500
587223300 590053900 731704800
588484800 590836500 760571600
591085300 592640000 724819200
598147400 595355400 725122700
597978600 601165100 794174000
598690200 600782200 841620100
602283200 602883300 757467100
603864800 606159600 738388700
606502200 608831500 750807500
608957000 610695000 793882400
614942400 614094800 859034900
615147800 619897900 943382300
619796400 618570300 671923600
620819700 622987200 885830500
622012700 624653400 977812700
625755500 626808500 778691300
629230800 629653100 898415800
631473500 632334100 772473300
634284900 635155600 961073300
635361400 637408200 993721700
638471900 643418400 805553100
648307400 643666500 768431700
643617000 645566400 877106300
647206500 648640700 930360100
649365500 659234300 937420800
653143000 655603700 732077400
654515100 656664600 993819400
664305000 659291300 800081200
659569700 662543700 747051600
662438600 668660200 949066500
671553300 667440600 731366800
670266100 669615600 926628500
671263800 675212400 964808700
674944400 675287200 1025581800
676368400 679104600 907515500
679259900 681287000 941646900
682431600 686826800 1013077000
685292900 688170100 925480700
695090600 689122600 993552200
690972500 692802600 940006700
694896900 697491300 1122592200
695230900 699448200 923745300
699745100 700669100 1146828500
700560000 705014000 983195600
703521700 718059800 1080177700
706827500 710043000 1016028100
709449800 713682900 906397800
715673900 716186900 853005000
716034000 718537600 983405600
719917500 723150800 992503900
727335900 723472900 1058841100
723126100 728244100 721889100
726538700 729760600 1100108900
729385100 731399300 834344800
733252900 733963600 874671800
737197200 744069600 1109559100
738185900 739795500 880896200
740624000 745069000 1031923400
743970300 746687000 879691400
747314400 748946400 1279998100
750587100 751533800 970578500
754832800 766450600 869592500
755749200 757627300 1094134200
758164900 761616500 950156800
771967600 767067600 909005100
765559700 767380000 929609600
766854100 770472100 953805200
769843600 776508700 1246173000
773597700 775160500 942175300
777239600 785616100 1024428900
779444900 780598300 1037878400
782350200 784902200 1125341000
785390000 787261800 1041949900
797711500 789934300 1060406600
792947600 794759600 1260890400
793727000 796749700 1105841600
803611700 799548600 911625300
809514200 802142600 1281907400
808580400 804751500 869118400
805700000 807466700 1340191100
814962400 810911100 1049368800
811332000 813574000 1412751500
816696300 817630500 1054714200
819238800 823953900 989904400
821279900 822911800 1122878500
824062000 826086400 1139475900
828808600 829092400 1029323500
834411200 834485500 1160362700
833207900 836360700 944586300
836879000 842400000 1022030700
844124500 840932200 1123481600
841430200 843765300 1141444500
845499100 847321400 1331297400
848285500 853223800 1087616700
857274500 854772400 1167386400
855579600 860745600 1107323400
859777100 860561600 1178976500
861465900 862994100 1023471500
862962500 866989100 1061792200
866242200 872074500 1245828400
871058000 874200800 1255370600
881429600 875255700 1212747900
876679300 881751400 1051225800
885000600 886172600 1207176100
883573500 884268400 1148816700
885074900 887931000 1058825900
888149300 898844800 1270510100
892758200 896864500 1379742200
908296500 903313700 1139057100
898210200 900741800 1456731400
910484000 903727000 1131628600
904556700 906741400 1394838600
916043400 914357000 1137251500
913294800 913763300 1296737200
913916700 916354500 1138554000
917683900 919278100 1283685200
921487200 927975200 1323905600
927171400 926517600 1192146500
926876000 931470800 1131175200
929981000 934233100 1261981900
