5400 11600 9200
18000 37400 38100
39700 72400 87800
69500 121800 191000
107600 184500 247500
154000 267800 357700
208500 359900 488300
272000 467200 639100
349800 585000 810400
423400 719400 1001700
511800 871200 1213200
608300 1027000 1444100
713300 1199300 1701700
826100 1370400 2145800
947700 1577000 2262800
1078100 1786800 2617500
1219600 1974100 2932000
1362900 2259000 3276100
1518400 2465800 3648600
1681300 2700700 4060300
1853000 2971400 4461200
2032700 3263300 4880000
2224900 3627900 5426000
2417800 3834400 5816400
2635300 4174700 6344800
2850600 4471700 6836400
3062600 4912000 7368000
3326000 5382900 7956300
3543300 5886000 8541900
3774400 6306500 9148400
4029300 6592800 10000200
4314000 6892200 10379300
4573600 7418600 11110200
4856400 7758100 11756600
5136400 8253800 12556400
5434400 8744000 13135900
5747800 9360800 14050000
6062600 9917100 14805600
6391300 10337900 15433800
6716600 11058300 16252900
7039900 11784100 17238600
7402400 12155600 18055500
7758600 12758300 18922500
8134400 13336000 19779700
8504500 14454200 20531100
8885300 14805200 21674800
9266200 15482000 22465500
9662400 16294000 23516000
10060500 16968700 24649900
10768500 18080900 25519600
10886200 19829800 26636800
11404100 19338800 27555400
11794500 21267800 28680400
12229100 21539900 29778700
12675400 22160400 30820800
13149400 23761800 31971900
13630800 24706500 33131300
14084100 25875200 34402100
14586700 26449900 35641000
15105000 26785200 36881700
15602300 28415500 38018300
16105100 29472800 39370900
16624500 29330000 40608700
17161900 30950000 41967500
17732500 32496200 43340900
18258200 32755200 44544500
18828700 35171100 45832100
19385600 35769400 47376600
19947800 36201000 48677500
20551100 39368400 50133700
21134600 39997900 51743500
21722300 40190400 53027100
22335800 41251800 54569400
22961800 42933000 56043300
23561800 43334500 57587200
24192900 46069300 59228900
24874400 46493500 60444400
25510700 47608800 62436200
26150500 49012100 63741700
26808000 50136200 65771700
27495900 51464100 66957800
28177400 55127800 69347900
28844000 54902600 70618300
29714800 56175000 72199200
34426300 60186800 73894400
30962500 60702900 75654400
36008100 62939500 77108400
32441500 64337600 79131400
33612300 66829200 81175300
33928500 65467500 83374700
34696200 67407700 85280900
35456200 68752200 86468500
36228800 70873700 88098300
37034200 74737300 90716800
37801300 75016600 92786900
38585000 77004200 94141300
39427300 77883100 96256400
40212400 79616100 98228300
41027200 80927400 100326000
41922400 83681400 102309900
42705000 85702800 104045600
43591900 87928900 106875500
44458900 90320900 108979200
45295100 91896000 110071300
46207400 95695500 112409000
47072200 97971900 115448700
48284400 98772000 117303200
48876500 100695300 118707000
49755900 103130600 121261200
50649300 106309500 123728600
51606900 108940700 126725200
52607500 110961500 127988700
53470300 111794100 131124900
54427500 116397800 132290600
55465500 117329700 135219700
56371500 119401800 137059500
57315200 125750800 139972000
58280800 125722500 142451000
59404700 128057100 144331600
60291500 130645000 147071700
61332000 132464500 149902200
62436000 137273900 152142600
63486500 141440700 154419000
64477100 143273600 157221100
65402600 144487000 160229800
66800700 148906400 162468000
67583000 150239000 164521200
68605800 153683100 168061200
69667400 156669700 171407700
71122100 159558200 172591300
71948000 164077200 174530900
72965400 169643500 177439000
74084600 169447000 179987300
75219400 173083800 184583400
76565700 174986900 186049800
77645800 181025700 188213400
79038800 183171000 191280500
79741000 187152400 195097900
80897900 188555800 198088700
82111900 195149400 200105300
83195700 195666900 202592400
84379000 201380300 206491800
85662600 202632200 208842200
86785400 209732500 211379200
88023200 213608000 213668800
89470700 213498300 218114300
90533200 217856300 220265300
91892700 223714500 224067500
93147600 229545700 226418900
94140200 229197600 230121500
95511600 233661200 231797900
96930700 241736000 236613100
98043400 241128900 238140900
99398300 247891900 240286600
100541000 248627600 245168600
101855800 252409600 247968900
103262400 257775700 253264800
104665400 264660100 256150700
105829200 268939400 259534400
107247300 272148200 262462900
108579900 274987700 264177200
109857500 278576300 268534200
111192000 285368100 270474800
112614400 287150200 272154000
114009400 293754400 277789000
115518300 296587000 281764500
116768800 302294700 283449600
118147000 308785800 289600000
119627300 310946200 293238800
121000900 315102800 296375800
122439700 320701000 298871400
123891700 326904300 302570300
125458700 329553300 305126300
126858400 334672300 309452900
128333300 339957200 314045100
129646900 348371600 316975600
131130900 349473100 320471000
132651400 353652500 322619800
134126200 362362000 327342100
135775500 366714100 330594800
137178500 370576200 334529300
138728000 377778200 338924200
140302600 384611900 342422700
141794900 387565100 345354000
143344400 391909100 350619300
144761100 401745100 353883800
146370600 402964500 357240100
147997600 406571100 363287300
149488400 415146400 363513600
151282000 416006900 368465500
153697000 426267600 372280800
154353700 427450500 375041100
155950900 432670400 380699000
157767200 439937700 381724700
159381200 447291000 388011700
160788500 449308300 393651800
162456800 454776700 397965200
164085000 468221400 401750500
166026900 469401700 406202400
167809400 477390400 410373000
169737700 479244900 412121800
170827100 485586100 415477100
172453000 492552000 420976400
174166600 497504900 425077500
175910000 504527000 428234200
177624800 510778400 434507300
179304900 515449000 435883700
181041100 524606000 440454400
183795600 534187000 443947900
184646800 539285400 449507900
186509900 546971800 453240600
188176300 546396000 456127600
190721000 560794500 464643000
192358900 560487000 463637200
193424700 573500400 471887100
195403200 575170000 473367200
197099000 580161900 481343200
199549700 587480400 480713400
200998900 597153200 489328000
203860600 598506500 490703700
204361800 604038000 497730400
206321800 610255900 499662100
208286300 625218700 505082200
210321000 633814200 509431700
211996200 629806800 515803000
213754500 638309700 518780300
215641400 647230900 525001100
217602500 653193600 528516100
219392500 658723600 535343300
221768700 668571900 534012900
223454400 673967700 545797100
225250800 683935100 550811300
227395600 687213700 556748800
229581700 697437100 560109500
231101100 706460100 563512300
233129100 713988800 568459000
235083000 717041500 574670900
237071200 726156700 581171700
239500400 731292500 583008400
241331700 741486500 585441600
243721100 748575600 595321000
245187500 751073700 597069600
247050200 761434100 603049900
249188900 768120200 608271100
251416000 773085900 613056700
253614700 784791900 618448000
255352400 789412400 621732900
257515800 797143400 626827500
259438700 805247100 633723300
261640900 815139300 636002600
263605700 823997300 641830400
265704900 835647600 648014200
268039400 839597300 652615600
270284000 845212900 658550600
272376500 851485900 665465800
274461700 867906400 671489500
276499900 869664900 673809700
278561300 875773000 678187000
285500300 883810300 684366500
283002500 892761600 690811100
285304300 901147300 697265600
287681700 909504200 699081900
289480000 917260100 705950800
292067900 927383100 711317200
293849800 932976800 717403700
296132300 949894300 724197200
298355700 948296900 726149100
300570600 960812500 731820800
305104200 968004500 737688400
305049700 975430700 742836200
308104400 983557600 748424200
309483800 990476800 755180800
311951200 1003174200 761643500
314444000 1007440300 765330000
316776800 1017641000 771126100
318768000 1027172400 776432200
321144200 1033834400 783492800
323465700 1052169200 790430400
325783500 1063763700 791003300
328414300 1057691900 799265900
330452300 1074100000 806272000
333059400 1078351200 809255500
335124800 1087422500 821052500
337578800 1098710400 821931200
340024800 1103362100 828823000
342370400 1116787900 832293400
344661300 1124194200 837482100
347086200 1137237100 846963900
351246700 1146221400 856067200
351832500 1155997700 855814700
354402000 1158219300 863102200
356681000 1168215300 868217200
359202300 1180804700 872268600
361630700 1191267200 880652800
364261500 1200283000 889140500
366939000 1208127500 894540800
368957200 1222722600 897832600
371541900 1229983500 904424800
374238000 1237665000 909848200
376760700 1242888900 919735700
379228900 1256367800 919481000
382237800 1266430200 928207300
384185600 1279261800 935182800
387807600 1290103600 940946400
389289400 1299457700 953664900
393297600 1297756600 954813600
394216500 1314988400 958339700
396898400 1320955300 971593900
399803200 1331042100 969187500
402322400 1340477100 983839600
405478900 1360559200 988648500
407263000 1368100200 993116600
409901600 1370419300 994819000
413223300 1380785400 1008388800
415048100 1398092200 1011498400
420768800 1399652700 1017313400
420761700 1414336400 1025535600
423972400 1427300200 1029325600
426492900 1438108700 1039500800
428853400 1441524600 1040780300
431236900 1459297500 1045071300
434469100 1472471000 1056642900
436988700 1480189000 1057961200
440868200 1487075400 1071377100
442716200 1501508700 1067074700
444623000 1505778300 1083004000
447893500 1522966400 1085327600
450728800 1524616900 1094766800
452866900 1547907600 1104474300
455674500 1542569500 1116639000
458795200 1553314100 1118112600
461761900 1571381100 1123714200
465591500 1581281900 1126369600
466711600 1593288000 1141280400
469728500 1602989300 1141343500
472932700 1619235800 1153372500
475575000 1630025600 1154325300
479214200 1639621000 1161673900
481058900 1640342900 1173804300
483540800 1665727000 1183593900
486602600 1662241600 1180905400
490084300 1672932500 1192922100
496166100 1690077200 1202078800
495043600 1699675100 1206932800
498034500 1707401800 1208226000
501573800 1722835900 1224690700
506103500 1733172200 1223228500
507814300 1746282800 1232242700
510054700 1749885000 1237969300
512903500 1763472800 1253776200
516158800 1776670000 1249968000
518628800 1786222800 1263257300
521653700 1797676900 1267385800
524370300 1807042700 1274459300
527348200 1827346300 1285218600
531067100 1833832500 1292143600
533044500 1851355500 1298477000
536567800 1854167600 1302399100
539305600 1866134300 1309904700
542235600 1887270900 1322745100
545074900 1891411800 1321911900
548664100 1906004200 1329188500
552294300 1918728400 1339202000
559513800 1929386800 1350684600
557494000 1936468600 1357335400
561490400 1946422700 1358668600
563325100 1964707700 1372864100
566770900 1967793200 1372751400
570475000 1997603800 1395108000
572991000 1997565700 1386252200
575976900 2006127500 1403004400
579233200 2026500600 1399767500
582119400 2036577500 1419521000
585880300 2043107500 1418056300
593925100 2055184900 1437432400
592146700 2075101100 1436088700
595818900 2079045900 1447100100
598415300 2092307800 1443981800
601110600 2109234100 1465827900
604843800 2121629600 1467783500
607149000 2127080900 1476618000
610348300 2152481700 1480352800
616985400 2162331800 1502589000
617048500 2162077300 1496720800
620129500 2175539500 1511478400
626592500 2185885200 1517645400
627649200 2206482300 1527147500
630081800 2224680800 1532204600
634610300 2235326200 1534430500
636711700 2248330500 1550935400
640649000 2250175600 1546702100
643867500 2261325700 1564003600
646164400 2280338900 1573136000
649597900 2292255600 1577871100
653667300 2303486000 1586983800
658403300 2314793500 1603209700
659643800 2339414900 1597450500
664073800 2352506400 1611669300
666180700 2357452700 1621008000
670645400 2375540900 1630792900
672741900 2383629500 1628051300
