202700 16400 29100
2400 460800 29500
3600 26300 39000
4600 36100 59400
5700 48300 84900
7000 63300 114700
7000 81800 151600
7200 102900 194200
7200 128400 242000
7400 154000 317500
7500 182600 355100
7600 218400 419800
7700 254500 490400
7800 290700 565000
8000 334400 646100
9400 383500 733800
11700 428900 826400
13700 560500 1385900
15700 774100 1028900
13700 585100 1138100
14000 640500 1252800
13800 696900 1398100
14300 754700 1499500
14600 822700 1631500
14100 885800 1795200
16300 967800 1911100
14500 1039300 2058900
28800 1118300 2213800
14500 1205800 2373000
13800 1286700 2556800
15700 1366500 2722500
13800 1453600 2884300
13000 1545000 3066400
12800 1648800 3257300
12900 1746600 3446800
12800 1835100 3645100
13000 1962900 3867200
13300 2031100 4057600
13100 2142800 4287700
14500 2257700 4498400
13500 2364300 4720600
13200 2486700 5035300
15800 3842100 5190300
13900 2723600 5433700
14000 2833400 5726800
14600 2953600 5936000
13800 3086200 6236500
15800 4796100 6482000
14600 3368000 6730200
14500 3497000 7034000
14600 3637600 7300800
14900 3803100 10516200
14600 3961500 7875200
14800 4123000 8188200
15400 4276200 8487100
16300 6446000 11066800
14800 4603400 9212300
522500 6113900 11756600
14100 4918300 9761900
14500 5072000 10105900
16000 5618500 10431300
14800 5395000 10790500
16100 5574900 11140300
14700 5747400 11489500
14400 5923300 11850900
14700 6125100 12208900
14800 6326400 12576200
5900 7480800 12947000
6000 6665100 13327900
6100 6842100 13770700
6200 7051800 14161400
6300 7240600 14493500
6400 7411300 15780400
6400 7629300 15397600
6600 7830800 15759200
6600 8054000 16147700
6700 8247100 16586400
6900 8490800 17038100
6900 10410500 23241700
7000 8895800 18385500
13600 9109100 18347700
7100 9351400 18818700
7500 9578900 19247300
7300 9814400 19713600
7300 10070600 20340500
7500 10322300 20682100
7500 10568700 21207300
7700 12795300 21702500
7800 11089700 27492400
8000 12272500 22684600
15300 11541600 23490600
8000 11777900 23733500
8100 12177300 24289600
8200 12328900 24792200
8300 12582600 25337700
8300 13832600 25828300
8200 13106500 26407100
16500 13361400 26913700
8700 13830300 27533600
8700 15206100 28141900
8900 14415300 28709800
8700 14567700 29256700
9000 15151100 29918600
9000 16795900 30842700
9200 15786700 31004500
9300 17044200 31607800
18000 16025900 32218800
18100 16352900 32839300
18300 16645900 33442600
18400 16942800 34068300
9600 17420900 34805000
9700 17611900 35330300
9600 17892500 35987300
9900 18543800 36947800
10000 19293400 37288900
10000 19330700 38054900
10100 19155900 38605100
19800 19534400 39275000
10400 22591100 39973800
20300 22024500 43302100
10400 20665600 41291100
10500 21343800 42005400
10700 22284200 42706500
10600 22748900 43428500
21100 23914800 44118700
10900 23502300 44845100
10900 24306800 45545900
11000 24000200 47247100
11300 24653600 47148000
11200 28327500 47770000
11200 30283900 50705500
11500 25259600 50462100
11600 25011600 50023600
11500 26830400 51563500
11700 27138200 51533800
11700 26088900 52805200
11800 28322400 58764600
12000 27625400 53849200
11900 27247400 54768200
12000 29666100 56253000
14100 31334100 56738200
12600 28402800 59316500
12400 30749000 61059500
12500 32183400 59597500
12500 29804400 60922500
12800 30118500 60384300
24700 32397100 61914900
13000 33497400 62042200
12700 33300100 62883500
12800 32409000 64284500
13100 34827900 64869600
13000 35357200 65525700
13100 35960600 69729700
13500 36368400 68999000
13300 34223000 68185900
13500 38611700 69514500
13600 38351300 71409500
13700 38647800 74534200
13600 38479600 72500600
13800 36185800 73462500
13700 36685300 76406600
14000 37187300 74467400
14200 41247400 75277300
14100 38632900 78829400
14100 42145200 82846100
14200 41236000 82840300
14300 42830200 79189100
14400 42817700 81840100
14800 41007600 81206200
14700 41468600 83897700
14600 41546500 82932600
14700 46159600 96008800
14800 43241500 85576900
14900 46366700 93282700
15100 44273700 88098800
15100 48717800 91745500
15300 49076900 91816700
15200 48502200 94993200
15300 50469700 92050000
15400 50681900 91884800
15500 49603400 97560400
15400 52141400 100489800
15600 51181000 96594200
16000 50171300 98190700
16000 53903900 101314200
16100 53473300 99494900
16100 55860300 99635800
16300 55729800 101853600
16300 57012400 107476300
16300 51188600 102472700
16300 55159700 108095900
16700 58180200 105599600
16500 56338000 105745000
16500 56087700 109194700
16700 60612000 126699000
16800 59639200 109288900
17000 55166400 117018900
17100 61601300 112006200
17100 62689200 112627600
17200 68073000 118117200
17200 62827400 117450800
17700 65180600 121337000
17400 65950600 122854200
17700 66476700 126612800
17500 62152700 120061200
17700 67884000 122009600
17900 74043900 122171200
18000 73383900 124728600
18100 65988300 128975400
18000 70838500 134996600
18100 70560300 127780800
18300 67043500 129347800
18400 72730400 130441400
18200 73850200 132333200
18600 75554600 134235400
18700 75157600 143645200
18600 77293700 140941100
18600 76481900 143164800
18800 76574200 136715400
19300 76507100 146369000
19300 74609600 142079400
19100 76555300 141972800
19100 80297700 143102200
19100 79961600 142786100
19900 81093400 148106000
19400 77745200 145490200
19200 82700800 150685400
19600 85232600 150169800
19600 87320800 152877400
19800 86832900 152905500
19700 86729400 155485400
20000 85851100 154942900
19800 86747300 160604900
20200 89269700 157574500
20200 80158900 157179500
20000 90127400 170194700
20400 84808700 160388200
20900 85952100 173134000
20500 92918700 172437700
20600 88314700 167446300
20600 93483300 168025700
21200 95460100 171618000
21000 97150800 169341400
21000 96843000 186993400
21400 97570400 174293800
21600 99238500 186238800
21600 100631000 178087400
21500 98938600 188595800
21400 93368000 179489600
21400 105430300 181088000
21500 99110400 183440100
21300 104195300 183700600
21500 103849600 184602500
22300 104425700 186340300
24500 106263800 186587200
21900 107343800 187676200
21800 107803600 189433300
22200 109127600 195737200
22100 108096900 191779800
22700 108461100 193482500
22300 111864100 206818000
23200 111976200 202943800
22500 113079700 200922400
23000 109338100 208902900
22900 118002400 207964900
23100 116773700 205284200
22700 117552200 204350000
23000 118480300 213048600
22900 123694400 210811000
22900 119357100 220807000
23300 121213800 218593000
23100 122612700 212301900
23500 122843800 232425900
23800 125646500 223627300
23600 124859700 252106600
23500 125959400 225645000
37900 128195600 229659300
24100 128938100 225734300
23700 127129000 228120200
24200 133838400 231805200
23900 130330800 227125400
24100 131569100 230785700
24600 132802200 229949500
24100 132722100 242693000
24600 133589100 235757000
24700 129145800 235938000
24600 138029000 239281200
24500 138134500 241590800
25000 138586900 246147800
24900 136344000 241215700
25400 147721100 243784900
24900 141369400 253099000
25300 143319200 250334100
25300 126777900 254675200
25300 144646100 262378400
25800 132887300 253210700
25500 145372400 255664700
25500 146662600 255384600
26100 147020800 257229400
25500 150531000 259563100
26600 151589400 270601700
26000 153668500 270259500
26200 153284100 269821900
26600 154079400 269539600
26000 155914000 272765400
26600 155857200 267900300
26100 157500100 277546900
26600 157432000 275969600
26500 157483200 274155400
27100 158300200 277987100
27100 152458600 279614600
26900 160197500 287967300
27100 163501000 297288500
26900 164938700 285194600
27500 165494100 300701200
27200 164401400 288182900
27200 163619600 291304100
26900 167642600 288636500
27800 165862300 297780400
27300 170154800 298518900
27500 172982500 311391200
27800 174310100 300635700
27400 174682700 304872200
27700 178675300 311773400
27500 178336100 308918100
29100 178962000 309912700
27800 179640700 320595400
28400 181438500 316708300
27800 182101000 324347300
28600 184468800 318076600
28300 185091600 321963600
28500 174802900 323345400
28200 184700300 331602700
28600 188700600 324713800
29100 189341900 329711400
28800 188282800 326443500
29000 192335600 332745900
29700 189472500 333232900
29300 193790200 332686300
29500 195006400 351542000
29400 195341200 335794000
29900 195151000 335738700
29200 198580300 340705800
29700 199329600 353557400
29700 202312500 339368500
29700 202281900 349223700
29600 205572500 345505600
29800 204354900 351260800
30100 194321800 357277100
29800 196874700 356716400
30200 207966200 364908900
30700 206642100 354465600
30500 209330600 358449200
30700 212744800 374694700
30800 208624100 360340800
30800 214903100 367220600
31100 216907300 367443900
31100 217019700 397526900
30900 220485800 384695500
30700 217624000 377266700
31300 220418500 376184200
31800 222527200 397853700
31100 219736500 383595000
30900 220161000 389440500
31300 226314700 389004700
31800 222314800 389945200
31500 229301600 396281000
31600 230658100 391414000
31900 231680300 391154100
31700 227517700 395896000
32100 235197700 401340600
32300 234793200 403738600
32200 235685600 423000200
32500 239269900 405394600
32400 222725200 416343000
32400 243488300 415755700
32300 239670500 424041400
33100 244219200 422069300
32600 243921700 410246200
33000 243879200 412268000
32900 252638100 436082700
32800 249060800 426956700
32900 247881800 424114000
33000 251108400 428104300
33200 250173300 443088900
33400 253362500 431408400
33100 257025600 440589100
33500 256559800 444741400
33600 258111100 438764600
33500 245288400 445116500
33800 261904700 461536100
33800 262360500 450690600
33700 259651300 464929500
33700 261678000 452443600
33900 267456300 447989600
34200 270166800 468919800
34300 265097300 451573200
34400 267745500 463582200
34100 267618200 479215800
34600 273648100 472968400
34600 261416200 465404300
34500 279998800 466280100
34400 274735100 469906100
35000 279569300 468992100
34900 280401600 474110400
35200 281312700 493234400
35100 283121300 482354300
35200 285690800 478905000
35100 287010100 486359100
35300 288207500 492449500
35200 289163200 493960900
35400 291610600 517096500
35900 295224800 505179800
35200 295850800 504474700
36000 293394600 504173700
35600 298727100 503216600
35800 297998500 509050000
35600 297205600 507267700
35900 297202600 513835300
36300 296673100 524515100
35800 307641200 517533800
36400 306951100 516703000
60000 303061800 520578300
36500 308634400 519545300
36600 315330900 520733600
37000 311585300 537275400
36300 310653800 525549900
36300 299482200 537923000
36700 302725400 540924800
37000 313894200 535643000
36800 321037100 534324100
37700 321633700 535982400
37600 323131600 548715400
37300 322410500 548349300
36800 322664500 547916400
37500 328259900 549009500
37400 327638600 555151900
37900 330473100 563002300
37800 332306100 559805400
38100 334940700 565025200
38000 335846400 563706200
37800 337246000 572435900
38300 339422600 576286200
38200 339972100 567292900
38200 335203000 587356600
38800 346973900 570965900
38300 343620500 580773000
37900 347836200 574598200
38500 346607300 591269600
38800 345676000 583992400
38600 349834800 587729700
39400 356416500 586382800
39000 360688200 594711900
39300 355012500 608113000
39300 355118300 610475900
39300 360142800 612137000
39500 361355600 609076500
39400 362156700 615284800
39300 355807800 605893500
42400 364385600 619848800
39600 365934400 613534100
39800 366942600 617554100
39300 373398400 617809300
39700 354225500 620271300
40200 375061200 630073200
40100 375302600 629140800
40100 376176600 638813300
39900 379000900 629896800
40700 378694500 637414200
41700 378138900 639316900
40500 375899300 643221100
40100 386201400 644984300
40700 387333900 647468400
40800 386366000 647023300
40600 391058600 664358300
40700 388842500 651979200
41100 393989100 662083400
40900 389147100 663212200
40900 399223100 662586700
41500 400637900 670929200
41400 401280200 668338700
41300 404327000 669872200
41200 403030300 677699500
41800 407679500 681155200
41400 407387800 680036300
41700 400189300 676808000
41800 399995200 682691900
42000 405585900 695546200
63700 405887800 698106600
42000 416807600 702459500
41900 412728600 698190300
42300 420082300 710835100
42700 421932200 707030000
42400 424729300 706928300
42300 425594700 707970300
42400 426092300 726236100
42600 430589500 723617400
42500 429678700 729359000
42400 436698300 720698300
43000 434377100 746787600
43200 434408700 732212800
43200 439088100 734028900
43200 428111000 732264400
43100 443756400 748142400
43500 442226500 749263600
43200 433388100 741678300
43500 443044300 746221900
43500 447656900 753899600
43700 448777700 760848100
43400 450963300 763692700
43800 455680700 763003200
44000 449244900 774322000
44000 452997500 758854200
44600 456610900 763798500
43900 449665600 776482300
44400 457716900 773623100
44300 462448000 780893400
43900 460445500 786354300
44600 467835500 780371600
44200 461381000 775079100
44400 471323500 783167300
44700 462976900 781379400
44700 464119300 800715100
44900 476149500 795346700
44800 477999600 817797500
44800 478031100 801354400
44900 483714900 810180000
44900 474642800 809267200
45400 489022500 831287400
45600 488394400 816434000
48100 489461200 821258300
45800 492679800 826642000
45700 492248300 831696000
45400 494020100 828484700
46000 486407500 830573500
45800 500021100 853210200
46000 498985400 856145500
46000 497808800 842260500
46000 504629600 843869400
46400 504290700 839096700
46200 504311800 856657300
91000 507278400 865947500
46300 514468700 858081400
47000 500226400 862261000
46800 515903200 870871400
46600 519488700 877363900
46500 511831200 872034400
46500 516826100 885916500
46700 525661400 877062000
47000 529085700 879132700
47500 524218900 887825400
47000 521294000 882173200
47500 519403500 899619600
47600 533140400 901437800
47600 525072600 891149100
47400 530499400 901061600
47600 542033700 909927700
47900 533629900 911937300
47900 544725700 909719400
47900 544280200 914800400
48000 540063600 910692200
48300 550223400 944398500
48000 554800600 930706800
48300 551248500 929252300
48300 564824700 927385100
48100 555074500 937942100
48500 561761800 930103800
48600 549843600 944420300
48500 562929400 933877300
48500 557290900 949692100
48500 557959300 942987200
48700 565276600 946276200
49000 568575000 950224400
49100 576009600 964846300
49200 578553400 957372200
49300 553278700 953210200
49200 578802500 978874200
48900 583386400 970626500
49400 578519900 971852900
49600 580210900 971943700
49800 579615500 974026600
49900 591231400 988636100
49700 615793800 1017887200
49600 597802800 1005704400
50200 599912900 986530300
50200 600269700 995573000
50100 600462000 990709600
50100 602533400 1014806900
50300 605320900 1019455900
50600 605600600 1022064600
50100 606381900 1016947500
50500 609182800 1015657400
50700 609753700 1036340100
50500 619782000 1025895100
50600 617884500 1025871700
50700 619527700 1031065400
50800 622609800 1039115900
51000 626528000 1040758700
50800 629288900 1045729300
51600 627195600 1053012000
51400 629874100 1060119200
51400 633545100 1049074100
51600 622936800 1058309300
51600 633365800 1056849600
51800 641323200 1064490700
51900 642832500 1065661800
51500 643649900 1067413200
51700 643378600 1078185600
52400 651403200 1091531300
52100 654672800 1084549500
52300 658242900 1096033100
51700 658252500 1103571000
52400 657989900 1089190000
52500 664560000 1090110800
52600 662408400 1090322600
52500 664877800 1097299300
52600 667981300 1106585400
52900 668593200 1106093400
52900 668600000 1121607700
53100 670500400 1123675900
53400 677344800 1116671900
53100 674222300 1123564600
53000 675303200 1131568300
53300 680589600 1128313000
53300 690703900 1147225800
53400 677189200 1136071000
53500 688796100 1137198200
54000 688569300 1152038700
53800 687029100 1162752300
53700 696622300 1151425700
53900 697686900 1163611800
53600 696674000 1158181300
54000 710741600 1186811500
54000 694018500 1165800000
54400 706416500 1187004100
54300 703736200 1176510400
54400 713384800 1168896700
54500 709977700 1173037600
54600 701509500 1180035400
55000 718527100 1186141200
54700 723188200 1189921300
54500 718656300 1196865800
82100 724374300 1194155800
55100 724934100 1199075000
55400 726271500 1219573900
55100 735325300 1226310600
55000 736523200 1227726900
55400 731160500 1216561400
55600 733628200 1223497900
55400 742499400 1228633900
55200 741161700 1231192300
55700 735046400 1225900500
55500 735138600 1239156400
56000 750678400 1254473000
55800 747225200 1249949800
56500 752036400 1245803900
56500 747907700 1254113300
56400 758751800 1250839100
56200 750263100 1266369400
56500 764630000 1261479200
56500 762133400 1264566800
56900 768305900 1271645500
56600 771294900 1280881900
56600 777621900 1294200500
56500 759530300 1288448300
57000 781729600 1291712900
57100 778920700 1283796800
57600 783372400 1298691300
57200 787296100 1303429300
57500 755676700 1305878700
57300 787506600 1310148000
57400 795259900 1314324300
58100 791372400 1307747000
57600 789161100 1324969400
57800 799315200 1333775200
57900 799349400 1327951600
57400 786596300 1335808800
58300 801992700 1336059900
57900 795663600 1332830600
58300 817350300 1357577300
57700 804730000 1354800200
57900 809157200 1353091100
58800 812055900 1372602900
58200 821616400 1438938700
58400 804339500 1351169700
58700 823860500 1364569700
58200 825447800 1374369900
58900 830594800 1383043900
58800 832896100 1378576100
59100 836850500 1387609200
58600 841655900 1398587100
58700 842461000 1393044700
58800 846884100 1406771200
59200 852452100 1393158200
58900 845313000 1399875500
59700 859539800 1405434600
59600 851458900 1410413700
64400 846880400 1421452500
59000 848665800 1421188800
59900 865353900 1433169200
59900 856509300 1434960500
60300 858673700 1451731200
60500 870192600 1445222200
59700 867146000 1428907800
60300 874352900 1446660800
60100 879516700 1463333200
60300 874854700 1453540200
60100 880041500 1444296200
60400 884360900 1470654300
60800 887543600 1497783200
61000 886269100 1482322400
60800 883314500 1480826100
61100 893251400 1472574000
60800 892521900 1493282100
61100 895957600 1485795400
61100 901082500 1489036900
60900 902211900 1507464900
63600 907808200 1501643800
61400 893113800 1490995000
61400 907944700 1511606500
61400 919327900 1522239500
61500 921622000 1524894300
61600 918348500 1522370300
61800 923307200 1555705200
61800 926233800 1519095300
62000 924835200 1531487400
62000 931944000 1540901400
62100 906298500 1544913200
62100 938805800 1557472500
