347100 443500 19500
22200 29400 29000
33300 44300 45600
45600 70600 67000
65800 83600 96300
113900 113800 131600
116900 146100 175200
149800 183000 222900
185700 237700 317100
224600 265100 343200
270300 398600 410000
319100 467200 483400
372600 543800 562300
428700 586300 648800
511600 708400 741700
557000 801600 927100
626500 809100 941800
700600 1003800 1087400
779500 1114300 1293600
861100 1236200 1430900
946900 1348400 1421300
1037900 1211100 1557200
1215800 1275200 1700800
1232700 1726800 1848100
1332900 1884700 2186100
1442600 1821300 2164100
1572000 2042700 2330900
1667100 1810600 2506200
1791600 2453200 2684100
1913700 2680500 3106900
2042400 2286000 3397200
2177400 3032900 3263700
2317500 2652200 3468500
2453500 2632400 3686100
2624200 3619100 3897700
2742300 2956400 4582100
2898300 3088900 4577400
3062200 4248600 4583200
3228400 3964600 5270100
3387400 3616600 5605100
3558000 4670200 5723200
3723900 4039400 6161800
3912400 4663000 6508800
4109500 5470200 6140500
4289200 6399000 8879800
5957800 6170200 15519700
6436600 6467400 10659800
6459800 6928200 16377800
6739200 7017000 10217100
7017600 9187000 10713600
7317000 7873800 11825500
7569700 8028300 12093900
7957000 8206100 12395300
8250400 8810300 12647900
8503800 8777000 16095200
8790600 9156900 13919600
9110700 9398900 15273800
9595500 9972800 15676800
9759700 10531400 16007400
10098700 10562600 17006600
10413100 11073100 16319300
10779300 11160600 17854400
11108100 11548500 17510600
11475600 11953800 19975900
11856900 12447100 29046000
12562400 13453500 19027800
12585000 12959700 20239800
12971000 13304100 22403000
13323600 14465700 22153900
13736800 14198800 22731600
14091700 14709800 23980800
14844500 15364000 23162300
14924500 15697200 23586800
15333900 15763100 26773200
15755900 16292600 25109400
16170300 17371200 27385600
16578800 17026800 27831000
17015400 17441300 32257200
17458800 18042200 27838100
17912000 18792400 28299300
18359100 19130300 29352400
18890100 19509600 31905300
19279000 19861300 30418400
19751100 20521000 34061000
20219600 21663300 30979600
20687400 21186300 32794800
21153900 22003000 32503800
21807400 22336300 34919100
22155400 22785100 35744000
24391400 23174500 37326400
23140400 23663100 36318600
23656100 24192300 39286600
24208500 25141400 39021600
24685300 25684200 39012400
25238300 26577200 40145400
26372600 26646300 43069800
26313600 26975600 41633000
26843800 28823300 42407700
27517600 28347100 43435400
27971400 28923800 45591900
28629100 30736300 47292300
29084700 29743200 44479000
29661300 30772800 46213800
30287000 31042700 50594100
30827400 31405200 48602100
31410800 32016000 49695000
32006600 32630200 51046800
32583500 33226300 51293600
33850700 35138700 54148500
33835600 36475000 53837600
34456100 35226300 58763700
35042300 35794000 55277000
35735400 36421600 55851400
36308800 37048500 56233700
36959600 37662300 58468900
37628100 38318600 62276300
38238700 39001200 62472100
39487800 40505400 63558700
39564100 40845500 61718300
40233800 43307000 61391500
40910300 42448300 63998500
41627200 43204800 66055300
42284000 43516000 70906200
46856600 43759800 81195200
50677600 44484800 73422800
44365200 45480000 69505800
45137400 52690700 70522000
45822200 46593600 71269400
46506500 48340800 73552400
47232400 48731500 86263100
59590900 52144800 75983100
54357000 54212400 81044100
49431500 50784000 79726000
50132600 51199400 78669800
50989500 52387700 81028900
51705200 52783300 82334400
52448200 54053100 85166300
53225300 55581400 87575300
54125500 55279600 84743000
55115200 56090700 86671400
55565700 58776800 90109400
56337600 59650400 91475200
57188300 59639900 90371200
57948500 60529200 88792000
58760500 59959000 91875300
59584800 61175200 95095700
60426600 61523800 98022700
61334400 62181900 95560200
62004400 64579300 99194300
62922100 64076200 102255100
64118200 65728200 98856000
64576900 66019300 103193500
65661800 66843700 102858800
66552500 68245900 103602800
67123900 70188400 106619900
67969600 71187500 113450900
68853600 70450400 107071000
69754000 71026200 109178600
70658000 74529600 113111800
72049000 74296100 113509900
72589700 73810100 113821500
73314300 76683000 118015400
74652000 76521900 119044200
75253100 76218400 119792000
76086400 77090100 120843600
76989800 77991100 120455100
77934900 78959800 121789700
78889500 82325400 128376100
79800200 81884700 124395000
80689700 83588000 124271200
81858500 84001700 129095600
82675600 85101600 129926600
83775200 87256200 136243800
84934700 86405900 132431900
85831800 86652900 132596100
86512000 87841300 136201400
87875800 89753000 135849700
88709900 90178800 142019800
89762800 91194100 141968500
90750300 95542300 143223300
91535600 92635700 143183700
92529500 93777400 148673600
93614700 98032500 147867200
94590900 97418900 150824700
95657500 97602600 148422400
96646400 100025000 151069500
97892800 103302300 158204000
98714000 102978800 154550900
99827700 100989100 159040000
100885100 102693900 159702300
101958600 103214900 161213100
103673100 105393300 164255800
104125000 108297200 169173400
107351900 109504700 170757800
106345700 108903500 165729600
107506400 109190600 172368400
108448700 112185300 174515100
109469300 111442600 172047700
110623500 115031900 173576800
111776900 113742100 174285600
113304500 114840800 178464400
116693500 115898700 181796800
115110400 116845400 181135100
116399300 117980200 184988500
117716700 118845800 183117400
118552200 119950600 187202600
120458800 121892100 188808700
120846100 123933700 190006700
122163100 123619300 196522200
123238000 125592000 195051200
124414000 126696200 198346700
125508900 127119000 200295500
126816200 130434400 199263500
127869600 130513700 199332300
129150300 133660500 201029800
130509500 132075400 205605500
131935900 132986300 206907500
132730400 137532600 209080900
135011700 139386800 213763600
135208200 137196300 213928100
136891700 141474800 218125600
137956100 140958900 214009900
138915200 141549600 217993000
140108100 143874000 223602100
141450200 144290000 223814200
143056600 149491100 224748200
143922900 149015200 224938700
145214700 147559500 227633100
146773900 152332700 235160800
148171500 150358900 233302500
149178000 151808600 234210300
150351700 154774000 235562000
151950200 154994000 240192500
153231500 157180000 244434600
154603700 157839600 241602300
160494300 158248900 247744400
157567800 160592100 250648800
158327800 160424500 252072600
159591100 163468900 251977000
160847400 166693400 256742400
162197700 163703900 254053500
163512000 167288500 259563500
165080300 168282300 270873200
166314200 172407500 263667800
167553900 170403000 265308400
169257000 171458200 262963500
170371100 174383400 267989700
172693200 175153900 267720800
173178000 178616300 273248700
174612700 176404600 277670700
175889900 181322900 277946600
177708200 179679100 281055700
179200200 181120200 281588900
180180500 187901700 286016600
182164700 183675800 288377400
183229400 189239100 293439600
184510600 187362900 297497200
185756300 188590200 291140000
188003100 191528600 294837000
189269600 191398400 295494000
190326000 195677500 306982500
191904800 195171300 306504100
193114600 201813500 304292600
194561700 196958000 306396500
196027200 198580700 308716200
197533100 201686200 313481300
199033900 201520700 313396900
200668600 204029800 316508100
202665400 204204900 318109300
203558900 211711000 317164300
205107300 209163700 324569600
206730800 209609000 325434400
208141700 213820600 328490000
210368800 211798500 328182300
211948700 215321100 334231800
212771700 219066200 338322800
214191300 216565500 336692600
216534700 224218200 339607000
217388600 222527700 342937500
219380600 221532400 341051300
220904800 224569900 348479400
222073900 225674900 354744900
223607000 227806100 361440200
225750400 228414900 355226800
227203000 231396000 356640100
229027600 232892300 358656500
230359700 237631600 362769200
232869100 238145900 366942600
233630200 240704800 365694200
234833000 240344400 363709300
236636200 240306200 382058700
238089000 243139500 372357900
239831800 243745600 378856800
241320600 245991600 383972500
242964900 254297500 383006800
244594500 249470900 386259400
246834400 248536900 384704600
248391900 252818700 396211200
249690600 256549900 399776500
251657000 254213000 399782700
255591500 256891000 401834400
254870300 259208400 404682400
257298800 260492000 401975800
258242600 260986600 411277600
259801200 263509200 407680100
261997800 265372700 412275000
263493100 267927600 410840900
265001000 268708100 424825800
267428800 269205700 417493300
268388200 273157200 420380200
270194800 275538400 436637700
272102800 276254500 425746300
273611500 276878700 430820700
275412400 277926000 439184100
277981500 283596600 438246200
280864900 285391200 449570800
280684800 283458500 452389200
282511500 284633700 449372500
284508200 288446500 452301000
286007700 292185400 446691200
287909300 292158100 459610100
289827900 292762200 462835600
291876300 298511500 460548700
293505400 300409600 477266500
294799800 302616900 468375100
296667700 300583900 472484800
299093100 302836100 468526100
301254600 305254300 471169200
302359100 308581400 476894900
307910400 314004600 484217900
306507800 310582000 498661100
307860900 315331900 489239500
310340200 315377100 487498300
312511700 317324500 490336000
313675000 318568200 496370400
316377000 320219200 497802100
317327700 319815700 501076700
319003100 323659200 504761200
321458100 326572600 515160100
322851000 325565400 508096100
324734100 330317800 513041400
327577400 330422600 516968700
329180300 331275900 513893100
330679700 334804900 524462100
332215100 336976200 522895300
334178200 338501200 524134300
336279700 338752600 534161000
338066000 340749100 546460000
340832500 354649900 537096900
342201700 351436700 540190300
344211200 350251500 538480600
345929700 353903500 547308200
347856100 350942200 575271600
350061600 354735300 550583500
351993800 358945100 551945000
354563600 358221300 554542000
356538100 358483900 558548900
357811800 365104900 563042600
360503500 362347100 570965800
362743300 365160500 567144200
363932600 368703900 576401300
366514600 376730000 583118400
367538000 371068800 578402800
374135700 378371200 584056100
373085600 377395100 585873100
374383800 376328300 593128600
376035400 385622600 612609800
377985500 383005000 597956400
380524100 390560600 600547700
382236200 386402300 599344600
384682500 393354900 609646700
387107600 391845500 607529300
388755100 391892900 617245700
390508100 397239400 625882400
392643100 400398800 625884100
395078900 399589100 619054500
397188600 401398900 629813600
399046700 415676700 631657000
402032400 405652300 637647100
403094400 408461800 633549500
406844900 412255400 645444200
407565900 411717900 643424500
409531200 416368100 647009800
411724700 415395100 644374000
414300300 428594900 648698200
420823200 424895100 667624900
418178600 422404400 661682600
423072000 431131800 663937900
424071700 427739600 664625200
424534700 429607700 672263400
426873000 436971000 672710000
429382200 433848700 688128300
431622600 437909400 682742700
434306400 444013000 713596900
435910100 442403000 692065800
441773500 444205900 702367100
441195900 457576500 704521900
451016200 448785200 699790400
444394800 447987100 700299400
447098800 456247300 707464400
448744000 456381100 713788900
452140400 454112900 709507700
453716800 458555100 714627600
455873500 465221100 721271400
458413100 468129600 728599800
461166800 467622700 731417300
462330500 470430300 739749400
464789500 473645800 734887500
467197200 476106200 746024200
469250000 482855700 738129300
472291800 485934000 755288000
474005600 479978400 748439600
476197800 493881000 758293300
479538200 483815000 759075400
481554100 489189500 760309300
486335600 490566700 763123300
485711700 492898700 771637000
488288000 499799600 772299600
491352500 500711200 773233500
494088600 498819500 772258600
494923600 512327500 782182300
498376500 502049500 792194500
500251900 506052800 793374700
502544500 507935000 804521400
505715400 511196300 793879200
507584500 512765300 796911600
512665300 521935000 806022000
512244900 515645500 810584500
516227100 521358900 806424700
516151100 535344300 812042700
518501500 533997900 817597500
520827500 527755700 829548800
523167000 535784400 839703400
526734600 535006300 834369700
532740500 532950400 840172400
530893300 538981300 849840800
533354800 539030100 848965600
542943800 551304600 842852500
541870200 546724900 846381200
541406000 548804100 855686200
543450600 548002900 858472700
549062900 554527600 854752300
548181800 555670000 875826100
550331600 558761400 865092700
553050700 563071800 880865600
555988600 573151700 896904200
560233500 570726500 883882500
560481500 571892300 880686900
562872600 571828700 902742200
570491700 571628400 902839900
569841100 573638800 900930400
570523200 580774900 896056500
583779500 580000400 908312100
579399500 582507900 924599100
581464800 589662500 909530600
580421500 588571800 927415300
583529500 586523800 925667000
586090600 595908500 920783600
588164900 610911000 937093600
590909600 603258100 940911300
594282200 600591700 934548200
605064200 603398100 938045100
601052200 609431100 942294700
601867100 609202000 987264800
604373000 618439000 961047900
606480100 617074400 957430700
609434000 615233000 959954100
611619000 627651100 970433400
614058400 620023500 964815500
617539300 625641300 973204700
621509500 625056900 978696200
621833500 637829100 985339700
625405400 637655400 997545100
627106400 634909800 982510500
629762100 635290400 996230400
634890700 638079900 991660300
635267800 645652100 998270100
638964300 647936900 1006310500
641220400 651894700 1015724700
642987100 650005800 1020387100
646970800 651525300 1020299700
650453700 656898400 1027001200
651301400 659747700 1028611900
654285500 657668400 1042582200
657377900 662743700 1084728200
663635600 683680400 1077038100
662213700 669813200 1038207700
665034400 671758300 1056552900
670516500 673457100 1075894600
673209100 676482200 1064849300
674114900 688539800 1062767500
677479800 692051100 1071773300
682069900 687852400 1078970800
681097100 690444000 1091599400
684573200 696887400 1075406000
687774700 697977200 1094573700
689882400 702567200 1092094500
692658400 700107900 1097077000
704433500 704650300 1120342100
699340600 709165300 1105301100
701693700 708316300 1107679700
703440900 718573300 1107125300
708310300 719791100 1109075600
710698600 719059600 1112938700
712690000 722071000 1143597000
715825300 729115400 1133447100
718148600 724666200 1125797100
721298600 728693800 1139964800
723633900 732835000 1139473000
726462600 738784800 1153162600
731634900 738067000 1155150400
732616500 737596000 1162642600
735151900 745472100 1164340000
737857300 746592900 1151146000
740150500 764924100 1170992400
743125400 751111900 1185283200
746311200 760244500 1188544900
750894000 767025400 1188589800
752233800 761760900 1182141500
758964500 765282700 1200683200
758049400 771517000 1203380800
762616200 770223300 1195521400
763208000 784363800 1218124100
766571200 778322100 1210748800
769610500 784571800 1236903900
772780300 783674400 1210787200
776781200 783921200 1225423700
778090300 788926100 1244072100
780896800 800607500 1233869000
789608400 795688600 1245540400
789988100 795494500 1245180800
790459200 805301900 1249638400
793688800 806394600 1264086900
797067500 801735400 1267460700
799999100 810885800 1255191400
802322900 817322600 1273148800
805957900 819110000 1274449600
809159700 814432400 1283945500
811686800 817356600 1283729700
813865900 822975300 1286079200
818348500 830662400 1302028900
819844400 831595700 1295920000
831838000 830254400 1298841400
826398000 834456800 1313726500
829220700 837684700 1311499700
834020700 841698800 1311519500
836956100 850193600 1313760000
838252900 854108100 1317980200
841994500 856164300 1340267200
844325800 856766600 1330896100
849039200 860485500 1354960500
850590800 869532500 1352637100
854350800 867700800 1345307800
857333800 867960800 1362715300
860220600 865825100 1364758300
862826500 875957200 1380011200
865966200 885860800 1368330200
876878500 887878500 1374027900
872423200 897656900 1381704700
879511900 886672900 1385625100
879121100 897153000 1393571700
886215600 890094600 1386405300
885580600 902173400 1400222600
