8000 23700 23600
29700 76000 91600
65600 160700 204200
114700 269500 362800
178100 409300 564600
255800 597100 817100
350300 816600 1114400
452300 1047300 1454100
572400 1308900 1830300
714200 1635700 2292000
852700 1942800 2734500
1012300 2320400 3274400
1187600 2747700 3823300
1375800 3177700 4433800
1580100 3666800 5154300
1795900 4173900 5859800
2029900 4662500 7210600
2275400 5227500 7329100
2528300 5813100 8166600
2799700 6517000 9091000
3089100 7108700 10084200
3387700 7829200 10933000
3713100 8517000 12042100
4034000 9235300 13036800
4419900 10070800 14110400
4729000 10882900 15384800
5103200 11754500 16491100
5491200 12704600 17718000
5899000 13646200 19156200
6408500 14638300 20347400
6726900 15566100 21936300
7159300 16661200 23148100
7617800 17713700 24725700
8086000 18988400 26183700
8573800 19951800 27685700
9061200 21176800 29549100
9579600 22368100 31181200
10124500 23613900 32884000
10631600 25007900 34360900
11188600 26553700 36466100
11785200 27662800 38021900
12336800 29215200 39930000
12931400 30379200 42021200
13540700 32168300 43867400
14156000 33363400 45886200
14836600 35028100 48086000
15440300 36667600 50003400
16178400 38153100 52371300
17390700 40477400 54440300
17492300 41719600 56700800
18165300 43589400 59083400
18933600 45437300 61106600
19643000 47343800 63714300
20376500 49324900 66070700
21127300 50939200 68459800
21941800 52984800 70870100
22690600 54838600 73779400
23533000 56905300 76739200
24372000 59202100 78721500
25174000 61398900 81534000
26043300 63449000 84473100
26857200 65619400 87018200
27718200 67842500 89949900
28623300 70020200 92713600
30136500 72426600 95449500
30477300 75174600 98912600
31328900 77599600 102499800
32290500 79916500 104890400
33317200 82857900 107665200
34232500 84864400 110958400
35740800 87831400 114425300
36274800 90685700 117647100
37220600 92941600 121460500
38255200 96229200 124245100
39312300 98832300 127370700
41281400 101938000 130943400
41468200 104697700 136269100
42516000 108521300 137532900
43649100 110941800 142634500
44708900 114789200 145537500
45867800 117801500 148756600
46940400 120867300 152082800
48216300 124199400 155749900
49257300 127593000 160032100
50495600 130693600 164406900
51653900 134131600 167903500
52881700 137764100 172018100
54103100 141420100 175163100
55364500 144560000 179990600
56591500 149251900 183926900
57940700 153287400 189327400
59462600 155976000 191769200
60430300 159455300 196737600
61764300 163337500 200191900
63070100 167235900 204596400
64413200 171761600 208829300
65717400 175689700 213415700
67104700 179389500 218518900
68457800 184131600 221641500
70121400 188569800 227574800
71273900 191892300 232073600
72635500 197026700 236099500
74271800 200833400 241004700
75560700 205495600 245371700
77072000 210197400 249894100
78577200 215620000 254894400
80125900 220223900 259364800
81537200 225352900 264204400
82989000 230067500 269839500
84765600 233364400 274197100
86144900 239070100 279990500
88079600 243698900 283730900
89274500 250534400 290903500
90835600 253538800 295140700
92451100 259174300 299817500
94044800 264349600 304748900
95676800 269393300 311169900
97354400 275328100 316058500
98995600 281577900 321330400
100658200 286230000 327814600
102261000 291252500 332681900
104105400 296436200 336959100
105686400 302327900 343274800
108057800 307870500 349430900
109210000 313550000 356721900
110953100 320309200 360032200
112710700 326484800 365996600
114600100 330844700 371884900
116452200 337021600 376841700
118044900 342793900 384110400
119912500 348749000 389482000
121836400 356309200 394972700
123715000 360864700 401550900
125440400 367543200 406702600
127983800 372737100 413243400
129206700 379824800 419624000
131436600 388896500 426750000
133110200 392161500 431991100
135164400 399677200 437923600
136867000 406085400 445179600
138957800 411990100 451179500
140829900 418616200 456839400
142944600 426003200 463905700
144960700 432785100 472337500
146979700 439150300 476503400
148920400 445023400 483152600
151015500 454615200 489591100
153148400 460387600 496257500
155593600 467974800 504637300
157224100 474145000 512730600
159305800 483327500 517769500
161512800 487975600 524070900
163716500 496165200 531379700
165692700 503221700 538205500
167955400 511238500 545069100
170304100 519526100 552451300
172308500 526181600 560827000
174418200 533387300 566465200
177424500 540733700 576554900
179078000 549467000 580664900
181264900 558560400 589381000
183458000 564126700 594297500
186025400 573739200 605964400
188365100 580180200 610142600
190429500 589659000 618576400
192807300 596893600 625198300
195848100 605078100 634831300
197165100 611616300 640756400
199536800 622557100 647090000
201885000 632587000 656168800
204461400 640075200 663217100
207002700 648840200 670829900
209179600 658809200 681295100
211603200 669083000 686593900
213949800 675366000 694538500
216436300 682808700 704281000
219049300 693757300 710694000
221556000 701038600 719166900
224436300 710005800 727058700
230583200 718805300 736032000
228993600 728100800 743090500
232341200 737062000 751228300
234047000 745271700 760904900
236444800 755737700 768040700
239203100 765440800 777383100
242157700 772552000 785871400
244337300 783653300 793714400
246985600 792299400 801777100
249596400 802837600 810910600
252642400 812199300 818205100
254988500 824517200 826817700
260301700 832428200 836207900
260648500 842463500 845603700
263073400 851672300 862701600
269105900 861551400 863571700
268902900 871226000 871562200
271818000 880247300 881017700
273935500 890001600 891501600
277284800 903564900 897851900
279538400 910760200 907213600
282231800 922445700 917415700
285038400 934234100 925010000
288032700 944128700 936585600
291237800 952712800 944414600
294337500 962087600 952691600
297123800 972982400 961797900
299744100 986334800 971495600
305447600 996902100 982213100
305755100 1006248200 991778900
308944000 1018396600 1001277700
311420800 1030348600 1009069300
314109900 1044292700 1020511800
317286200 1050503300 1030208800
320206700 1062104100 1042739700
324561700 1073988500 1048700900
326664500 1085254400 1058190800
329589700 1097202500 1067347300
332611500 1106777100 1079063600
335974300 1117779000 1087909200
338957200 1130014800 1096284400
342376600 1146323600 1107958700
344330600 1153157700 1118309300
347672700 1168911300 1127487900
351378600 1178949800 1137317400
353916300 1191668900 1150940900
358862600 1203333100 1158716500
360888300 1215996300 1168135100
363670700 1227778300 1178213900
366780500 1240041200 1191013900
369854100 1250767700 1201930500
372843500 1260711500 1210416400
376647800 1272931500 1221880000
379897600 1288382500 1231609700
382982500 1298073300 1241369600
386091100 1311379100 1252034200
389664800 1326911000 1266623700
392488800 1335909500 1272594100
395822700 1353863000 1285286200
399104700 1364938800 1298817200
402936500 1376826600 1307626700
406401200 1389105700 1317348300
409472000 1402031300 1327026500
414250700 1414090700 1341016300
416523500 1424331900 1376439000
419527600 1443764300 1368463400
423692100 1453748600 1374465200
426820800 1467489600 1382615800
429852300 1481349700 1410353600
433349700 1492357800 1407452400
436766100 1505904200 1416713400
440296200 1522573100 1430067700
444261300 1531058900 1442091900
447459600 1545592200 1452696000
450820000 1558257700 1463167800
454467100 1573560300 1475796800
457914900 1586148100 1489541900
463624800 1597653500 1497955300
465049600 1616337300 1508812400
468458400 1628777400 1521975800
472364700 1644917600 1533942900
475968400 1658080100 1544318800
481204500 1674974100 1560244400
483257700 1690019900 1571307800
487548500 1699678600 1582696000
491026600 1714851700 1591504700
495356000 1730230600 1604260900
499373700 1740701300 1615983100
502271800 1756703800 1631068100
505683500 1771086700 1643246800
512039600 1784292300 1654666600
513350700 1802690500 1665211100
517017500 1819361100 1681866400
522288200 1835517800 1693997300
525566000 1850498200 1705789400
529813500 1863979100 1717535200
535514800 1878690200 1726730200
536267200 1892528400 1742356000
540020000 1909780200 1751820700
544392800 1923600600 1768011100
548202300 1937348500 1780603800
552271100 1954814300 1792096000
556300700 1970158800 1807090000
559672500 1986287000 1816854900
565094300 2000591100 1830602000
568437900 2015310200 1842134300
571378500 2032173400 1859477500
576023600 2045633600 1870531200
580636400 2060313900 1881136600
584016400 2079432000 1896621000
607909900 2092706000 1910644300
591627300 2108156800 1920169200
595838200 2123319900 1934107300
599824100 2139254400 1948097100
604708700 2158676600 1959556200
607805800 2172630200 1977560500
612799800 2189504200 1987435800
616173000 2202985300 2001846700
620344900 2224887000 2016142200
925467700 2240015900 2027726200
629174300 2257520000 2040244600
633786600 2269577900 2054537000
637945400 2286057300 2073578500
643550200 2302260700 2083399400
646090100 2321571600 2098230000
651307800 2335035400 2112767400
655032200 2355899300 2122305900
659039400 2371057900 2143419300
663115500 2387407200 2155238200
667370800 2407492000 2165617900
671369500 2421739300 2182198900
677068200 2439394400 2193923900
679993400 2460085500 2207508100
687745500 2472823500 2221757400
689902600 2491509500 2237047300
693635000 2506874600 2253711500
698389900 2524390500 2266043200
702342300 2542281200 2278702800
707293100 2557547000 2297641900
711444700 2578318700 2309026600
718536200 2590979500 2322307800
720704200 2614458900 2341194600
724708700 2632101600 2351886900
731887500 2645734200 2365076300
