600 5600 9000
600 18300 34500
900 40800 76800
1300 66800 135800
1600 101100 211700
2000 149700 304400
2100 210200 413800
2700 268600 545600
2900 337300 683300
3200 414000 842800
3400 503500 1019300
4000 593300 1219100
4400 711900 1427500
4600 825600 1649300
4500 941500 1894200
4900 1063700 2155400
5300 1207400 2430800
5500 1357300 2749100
6300 1510700 3036200
6100 1674800 3368600
6500 1830900 3714400
6600 2016500 4069700
7000 2187000 4445900
7800 2526100 5075200
8100 2580700 5254900
8300 2802600 5693600
8800 3022700 6128700
9100 3254900 6601200
8800 3503800 7072100
9700 3727700 7568800
9400 3985100 8094800
10400 4243800 8645500
10800 4527300 9174900
10300 4807300 9728400
10700 5129800 10296900
11000 5433900 10884700
11200 5755700 11503500
11500 6019400 12134800
12600 6359400 12797000
12100 6710300 13465300
13400 7051400 14130800
12800 7405200 14824500
13000 7706900 15542700
14000 8111900 16341500
14500 8478900 17024300
15000 8865800 17786900
14300 9237300 18564200
15600 9660800 19364900
15800 10077800 20162400
16200 10449300 21038800
16300 10845100 21899900
16800 11315500 22752000
17200 11864900 23609100
17400 12186200 24488300
17900 12607300 25414000
18100 13062300 26388800
17300 13513500 27388200
18800 13985400 28260000
19000 14453600 29237600
19400 14951500 30276400
18500 15460400 31250300
20100 16022300 32312000
20700 16507700 33324300
20900 17805100 35587600
21000 17586900 35491000
21300 18127800 36634900
21800 18716000 37745500
20700 19203600 38865400
22400 19750000 40113100
22700 20273100 42367600
22800 21374500 43740500
23500 23927800 50614500
23700 22538400 45203400
24400 22685300 46228400
24500 23319000 47280400
24500 23934100 48533900
24700 24589700 49821600
25300 25282400 51193800
25500 26155100 52416600
25900 26721500 53750300
26200 27457500 55181600
26400 28139900 56459700
26700 28755800 58192800
27200 29462900 59256200
27500 30131500 61263700
26100 31162900 62187500
28100 31641400 63613600
28600 32445500 65088300
28900 33169200 66546900
29400 33982100 68241200
29600 34803000 69595200
29700 35619400 71085200
30000 36267800 72651000
30500 37074700 74219000
30500 37867000 75898600
29100 38796300 77461100
31300 39445100 79028200
31600 40311900 80724900
32000 41036300 82374000
32400 41862300 84242900
32800 42757400 85793600
32700 43650200 87417400
33100 44502600 89183800
33700 45358800 90924400
33900 46199000 92643100
34000 47198200 94434000
34600 48006800 96423200
35000 48903500 98031000
35400 50000700 100078700
35300 50794400 101748500
36000 51760200 103559600
36300 52567600 105390700
36500 53614900 107362300
36800 54457000 109328900
37100 55491200 111411400
37700 56455500 113535500
37800 57487100 115049700
38000 58449100 117101000
38500 59469100 119325400
38500 60584600 121095600
39300 61410800 123188000
39800 62548400 125171400
39700 63652900 127213000
40000 64700200 129258300
40500 65859700 131442700
40700 66702600 133491700
41100 67886700 135586300
41500 68813000 137726800
39300 69832100 139862300
42200 70850700 142059100
42600 71909300 144227900
42600 73146400 146546000
43200 74062100 148757900
40600 75273300 151677100
43600 76302200 153200100
44200 77477600 155500900
44300 78597200 157767500
44900 79773900 160041300
45000 80952800 162404800
45000 82089900 164834100
42700 83364900 167173800
46000 84574700 169554600
45800 85653700 172058300
46500 86895300 174454000
46900 87998100 176790800
47100 89269400 179599800
44500 90476300 181757100
47800 91711000 184348300
48500 93225600 186964000
45400 94305000 189221000
48700 95470300 191818200
46400 96720700 194266500
49100 97970500 196975000
47000 99327500 199749100
50900 101014600 202357600
50000 101713300 204531000
50700 103040100 207271000
51000 104415600 209939400
51400 105824200 212991400
51800 107041600 215153400
52000 108374200 218169500
52800 109762800 220804300
52700 111076400 223394600
52800 112615900 226096600
53400 113960800 228979700
53800 115905100 232263800
55100 116836600 235396400
51000 118172500 237643200
54700 119790100 240537100
51900 121010400 243007900
55200 122544900 245859200
52000 123870600 248928400
56100 125168600 253981900
53100 126695500 254914800
53000 128115600 257598200
53300 129794600 260762300
57400 131706200 263668400
57300 132897900 268665900
58000 134413600 269523500
58100 135766000 272571100
58600 137333600 276043100
58800 138691300 278552800
59200 140646500 281676100
55800 141537900 285224000
60100 143224500 288180000
60600 144623200 291029600
60200 146069500 293951500
61100 147647500 297067500
61500 149469200 300813700
61300 151297200 303739300
61900 152709000 307067600
58200 154448400 309961300
62400 155943200 313361300
59100 157739600 316442100
62900 159357400 320055400
63300 161042200 323217300
59700 166418600 326358900
63700 164142900 330053000
64300 165734800 333063200
64700 167247500 336718400
64600 168862500 339884800
65300 170711800 344096500
61700 172333500 346575200
66200 174089600 350026400
66500 175762600 353657800
66500 177350200 356717300
66800 178890400 360328200
67300 180598600 363843600
67600 182275000 375882000
68100 184332400 391701000
68300 190796900 374635300
71900 187879000 380916800
68500 190003100 383930900
69000 191008000 386669700
69700 194024400 389357800
65500 194856800 392629000
70000 197007200 397058800
70600 198347100 399691300
71000 200683200 403895000
71200 202289400 407699500
71200 203973900 411558600
71600 205683800 415010200
71800 207560200 418555600
67900 209607900 421777600
72700 211364200 425813700
72900 213072500 429399900
73500 215270400 433467200
73300 217070100 437372600
69500 219247600 441829200
74600 220621100 444877800
74500 223353100 449046700
74900 224394900 452737200
76000 227140100 456533000
75600 228432800 460702500
76700 230696800 465057600
76200 232697500 468526600
71800 234157200 474881900
76800 236144900 476866100
77000 237934300 481639800
77600 240373300 484282300
77900 241852300 488481700
77900 244059900 492554400
78600 245984900 497118200
78600 247935100 500574900
74200 250079600 505054500
79500 251854900 509483600
79500 254200600 513404500
80000 256053800 517658100
80900 258273500 521725300
80600 262088600 526265100
81000 262672100 530732200
76500 264430100 534446000
82300 266429300 538255900
82200 268621600 542925300
82600 270970400 546977100
82800 273455300 551130400
82700 275415300 555859100
83300 277193900 559793400
83900 279289600 564090600
78800 282830900 572015300
95200 289122100 573932200
85300 285919300 577316800
84900 288338800 581883400
85200 290838700 586295900
85200 293205300 591064300
85800 294905200 596366000
80900 297077500 599740900
81300 299434900 604310600
87100 301917100 608542100
87700 303619200 613177300
88000 305800400 618188600
88300 308264300 623006200
88700 310985500 627426800
83300 312947700 631461100
89100 315219300 636451800
89300 317461100 642384200
89700 319413400 645493700
90200 322113400 649987600
90300 324181500 654837000
90700 327479900 659623200
91000 329216800 664083400
91100 331247100 669278500
91800 334334600 673561100
91500 336088400 678149100
92100 338731800 683567000
92400 340624600 688667800
92600 345745500 694073000
92900 345610500 698592600
93000 347772300 702580000
94000 350608000 707643900
94200 353575800 712270400
94600 357045900 717706300
94500 357463300 722664600
95200 360984700 729966100
95200 362129200 732223900
89700 364534300 739965600
96100 367348500 742305400
96100 369493500 747501100
96400 372670700 752677900
97100 374196900 756625700
97400 377808500 764050200
97600 379877100 766845200
98100 383165600 772498700
98300 384952700 777224500
98900 387256800 783169300
98400 389651800 789151800
93000 392603600 793401400
99400 394766500 798179500
93600 397867800 804935800
94000 399901900 809249600
100700 402386100 813276900
94800 405152100 819552800
94700 407480200 824239900
101300 410025500 829180300
101700 413027400 834997300
102400 415401100 840032900
102700 444924500 846443100
103000 421425200 851171700
103300 424301900 859042300
97100 426630600 862325300
103800 429124700 867346700
104000 432260900 872292600
109500 434316600 878366200
104800 478613800 884232700
104600 439930100 889815000
98900 442588300 894962800
106300 444781800 899229400
106100 448057900 906122700
105600 450527800 910727700
100200 453109000 918074700
107100 456815400 921866000
107300 459899600 927387300
108000 461514800 932678600
107700 464266900 938423800
108200 466688900 944475500
101700 470015800 949778800
109200 472554200 956316900
108500 474850200 961527600
102700 478408200 967170000
109800 481471800 975156600
110000 554956000 979509000
110400 485983900 983496400
111000 489320700 1006777900
110700 492409900 998363600
111500 494852900 1002435200
111800 497884700 1007016300
111800 500972400 1012772200
112600 504513700 1018754700
112900 507007300 1025457900
112800 510359600 1030223500
113000 513836400 1037336200
113800 515455800 1042623800
113800 518463300 1048388800
114300 521768100 1054074500
114600 524516500 1060374900
108100 529564400 1066319400
108500 530902800 1072940500
112500 533408000 1078756900
110000 536538300 1086478600
116100 539397300 1090458100
116900 544661800 1096585300
115900 545507600 1104385100
117300 547857800 1109004000
117300 555592200 1115496700
118800 554499500 1121915100
118100 557184700 1127175400
112500 560919300 1133755700
119000 564053500 1140765400
119400 567046000 1145760800
119900 569494800 1151656800
120000 574953100 1158352800
120300 576937000 1163776800
120100 578579400 1170057000
121200 581365500 1224158100
121100 584433500 1183133600
121000 587497100 1190657900
122200 590412600 1197307500
121900 593726500 1203288400
122400 596756500 1208232300
122700 599902200 1215244600
121500 603527500 1221904100
123600 608048800 1228452900
123700 609576600 1234088100
124100 612594900 1240242800
116500 616119500 1249347200
124800 618659100 1254780800
124600 621906700 1260339100
125800 625130100 1266581500
126100 629808300 1274161600
126200 631312200 1283052200
126500 635475600 1286389800
126400 637960500 1293229100
119000 642702500 1300696600
128000 644812500 1309163800
128000 648225800 1515015500
126000 651764100 1321525800
128500 655809500 1329632100
120500 658354500 1332958700
124600 661684900 1340996900
123800 664905200 1384342900
121300 668644100 1354982600
130100 671645600 1362173500
130000 695644600 1367741600
130500 677945300 1373395500
122600 681522700 1383961500
131700 684706000 1386436900
125700 687702200 1395116600
131800 691764600 1400643100
132300 694970000 1407819200
131900 698230900 1415113700
133100 701552900 1422433300
133800 704993200 1429314600
127700 708289600 1436524200
134200 712185000 1442817000
133500 715530000 1449312000
134300 718396200 1456556500
135200 722707400 1465707200
134600 725559900 1469809300
135500 729287700 1480364300
133500 732003400 1488167300
136600 741573400 1492932600
136700 740075800 1499612100
137000 743561300 1508735000
137000 746565800 1513681000
137300 750969100 1520198800
138100 753962300 1529628300
137900 757156100 1535753000
138600 760942100 1720279500
135900 764318500 1548355100
139300 767216800 1556035000
139700 770976600 1563157300
139800 774991400 1572414500
131400 778656900 1577818200
140600 782710000 1746596200
140500 787495600 1592479100
141500 788526200 1599046600
141000 792227400 1606457000
141200 795802000 1614126100
142100 799617900 1622522000
141700 802897400 1630610700
142800 806775900 1636815900
142500 810467600 1646146500
167200 813727200 1651371100
144400 818429500 1660224000
144200 822254500 1667130900
140800 824095000 1675819600
135000 829242600 1681307400
144300 832851400 1690824700
144900 835768100 1696221700
145700 839140300 1704771100
146100 845050300 1711828200
146000 847783500 1720016600
146900 850612100 1727442800
137400 853684700 1734158300
147100 858878900 1742587600
147400 860659500 1749770400
147100 864892700 1758330500
147800 868394200 1767312300
139100 872749700 1774300500
149000 876553400 1782740300
139600 880641300 1787954600
149100 884097500 1795607700
149200 888319500 1803937400
140600 892499500 1944144400
144400 896292100 1925953800
151200 900122200 1827764900
151000 903891100 1836007500
151300 907953800 1842765900
151200 911390600 1852086000
151700 915746700 1883403600
152200 918707100 1867489900
152800 922820900 1875981700
146800 926920900 1882183200
153300 929874400 1891313100
154200 934445500 1899237300
151800 939437300 1907106500
153200 941439800 1914548400
154100 945885000 1922972600
155200 949985600 1930239300
145500 954507000 1938071600
155900 961270200 1947387500
145900 962823600 1956592600
146200 966662100 1966265600
146500 970664400 1971651600
147000 974298400 1979921900
157200 978525300 1990618900
151600 983170400 1997252100
151800 986920800 2004671200
157500 992233900 2014203700
158100 998389900 2023110000
158700 999412600 2029674200
159100 1002833100 2038106400
159300 1006297500 2046123000
149900 1009938900 2065185300
160200 1013852200 2063240200
160100 1019251000 2070967800
160700 1022458400 2078199200
166600 1027059300 2093061600
161600 1032878900 2095585800
162400 1037949900 2104751700
161900 1039492200 2114791900
152300 1043635100 2122117200
162300 1048060500 2129068700
162800 1052594200 2138703500
163100 1055916400 2146907700
163700 1060144800 2291638600
153600 1067318600 2163702200
163700 1070569100 2172550000
164900 1073192400 2182256700
164500 1077527300 2191933100
165100 1081926100 2198643300
165200 1086269300 2207902500
159500 1090973700 2217686400
165600 1095093300 2226724900
166900 1100033100 2232912000
167000 1103578000 2241176400
166900 1108604200 2250107000
157000 1111858200 2257022400
167400 1116281800 2266927000
168200 1122295500 2275632400
163900 1124801500 2288016700
168400 1129738500 2374169100
158400 1134139700 2303338100
