13700 17300 15100
51600 60800 55800
114700 127800 122000
202200 220700 214400
314600 335100 332800
451500 478300 477400
618700 643900 648300
802800 837000 851400
1013700 1055000 1070900
1248600 1293100 1319600
1514900 1552700 1596000
1810900 1842800 1894500
2105000 2159500 2223900
2438600 2495000 2575300
2800000 2866200 2971300
3183600 3256900 3358100
3605700 3667400 3804700
4033400 4102700 4251500
4526000 4565700 4729900
4984500 5057400 5238300
5483100 5578800 5779000
6029000 6096500 6346300
6576000 6673200 6946500
7163600 7260300 7547700
7759900 7879700 8201100
8402900 8507600 8862600
9062700 9151600 9556500
9739600 9863500 10274400
10462300 10595300 11030300
11186000 11303900 11776800
11932700 12079900 12588700
12729000 12867100 13417200
13523100 13680300 14252700
14361400 14502800 15182500
15230900 15362000 16031700
16092700 16261700 16976700
17031300 17147000 17923600
17921500 18077800 18901800
18880600 19032100 19884300
19863300 20036800 20922900
20887000 21028100 21986400
21889100 22096400 23089100
22951700 23139900 24194600
24065100 24230100 25348300
25146000 25316300 26475900
26248700 26488500 27738600
27411000 27617100 28918700
28601200 28798800 30123600
29806800 29998800 31417700
31378600 31391400 33012900
32941900 32732100 34008600
33574600 33762500 35362000
34866800 35077000 36717700
36197900 36418500 38140800
37541400 37756000 39567700
38988100 39106400 41090500
40315800 40521700 42526700
41739300 41977400 43965600
43160600 43420000 45522200
44620600 44911000 47041200
46173800 46406400 48641200
47709900 47987600 50271400
49203900 49460500 51882500
50792800 51044500 53513300
52406900 52701100 55208200
54038500 54355200 56987300
55655500 55961600 58681200
57358900 57641100 60429400
59068600 59286700 62259100
60725300 61111000 64033700
62506700 62834800 65892700
64275000 64632200 67782600
66066900 66375600 69706100
67898600 68279100 71522600
69745500 70096300 73533100
71639900 71984200 75457100
73505700 73868000 77493200
75437800 75811800 79524700
77424000 78141700 81605800
79380600 79698000 83686000
81424100 81741000 85788000
83386700 83675900 87947600
85444200 85991800 90002700
87477500 87879300 92168100
89612300 89963700 94474600
91713000 92053200 96664700
93819800 94275200 98914400
95978300 96431900 101199100
98233900 98581400 103430400
100431800 100773500 105833300
102739200 103153300 108189600
104907000 105347400 110654100
107226200 107668900 113063400
109576100 109909600 115443900
111838900 112333900 117969300
114302400 114703700 120446600
116793500 117115500 123706300
119066500 119536500 125520000
121504700 121919200 128007900
124040300 124401700 130646300
126540500 126884500 133237100
128979700 129361400 135881800
131539800 131955600 138650300
134041400 134499000 141294600
136992500 137104700 144065300
139274400 139778900 146845100
141932200 142433100 149556600
144570200 145178700 152509500
147300800 147705300 155251600
150576300 150846700 158029400
152800500 153282200 161150000
155444900 155994600 163902200
158223200 158785000 166802500
161120600 161664700 169701600
163931700 164405000 172782300
166819900 167369900 175823200
169717200 170149200 178807400
172590400 173107300 182180100
175626900 176101300 185015100
178521300 179056200 188092700
181520800 182022400 191333500
184843100 184881500 194298300
187450100 188073700 197624900
190565500 191164200 201003400
193694700 194290300 204114200
196776300 197330700 207355900
199908100 200467400 210807200
203343400 203655000 214176100
206293800 206778300 217334000
209546500 210088300 221029100
212901600 213251700 224204200
215889900 216517600 228417300
219336800 219872600 230991800
222583800 223205500 234548500
225956400 226550200 238120700
229345700 229890300 241514000
232600000 233125300 245131100
235984000 236638800 248871800
239471700 240084600 252303000
242865300 243522500 255972100
246426100 246997200 259608900
250008800 250765600 263481400
253709500 254132800 267113600
257008300 257645000 270813500
260615000 261234000 274577800
264209600 264869700 278625800
267859200 268834900 282342600
271444400 272756000 286117300
275257800 275973300 289978800
278904900 279581300 293939500
282574700 283255300 297977600
286392100 287512700 301710600
290098000 290794100 305743500
293995100 294700900 310269000
297791800 298392500 313759200
301565400 302372000 317781100
305439400 306198800 321897300
309373500 310210900 326105500
313275400 314073900 331712300
317307900 318082300 334338900
321278200 321933900 338525200
325125000 325890900 342662200
329266700 330063000 346931800
333402000 334092900 351308200
337542400 338295000 355497200
341497600 342245100 359772400
345605100 346328900 364230400
351758700 350511400 368444600
354118900 354925500 373109300
358416500 358888900 377351300
362293700 363263100 381849900
366631800 367412200 386330500
370926600 371588600 390967400
375239200 376178200 395495100
379401300 380174100 399826200
383799800 384752600 404458700
388438300 389033700 409196100
392723900 393461100 413896300
397045700 397836900 418392200
401472100 402371600 423065500
406712900 406770000 427777200
410587700 411519200 432716700
415015000 416055400 437258200
419495500 420366200 441862600
424230900 425349600 447136500
428722400 429726600 451740700
433213000 434207100 456724500
437944600 438893700 461469500
442714400 443480800 466499600
447462900 448538200 471403000
452172000 452861400 476385900
456800200 457796300 481286300
461548600 462941000 486459400
466586600 467260800 491566600
471225000 471987900 496509900
475845400 476855600 501590100
481643900 482408400 506689100
485812200 486720700 511694000
490713100 491718100 516953900
495612700 496783600 522716700
500649900 501659000 527440000
506699000 506907400 532817000
510466100 511790500 538010300
515500900 516745000 543537100
520672100 521586300 548903100
525785700 526787400 554308600
532344300 532025600 559256500
536033000 537089300 565015600
541212000 542074000 570583200
546807500 547514000 575865000
551543800 552644300 583247900
556802100 558107400 587019200
563572900 563181700 592550100
568016900 568502100 598010600
572730800 573744500 604338400
578360600 579158100 609096200
583597200 584485500 614990700
588854100 590166400 621623000
594358600 595222400 626178400
599783200 602593600 631909500
605255000 606330500 638113200
610620500 611784000 643387200
616144300 617283800 649540600
621927100 622909100 655105100
627278200 628311600 660871100
632729600 633953500 667112700
638734700 639667900 672718200
644207500 646294000 678768500
649990900 651045400 685306800
655497700 656567300 690821800
661245700 662490400 697671000
666839100 667912100 702666100
672748100 673775100 709038400
678605200 679645800 714810500
684583700 686012900 721224800
690094500 692069700 727269100
695879900 697075700 733528200
701802100 702830100 740965000
708031100 709124200 746150100
713646400 714863100 752298600
720073500 721633400 758675900
725687200 726840400 764699800
731645200 733012200 770808900
738033100 738776100 777175500
744042300 745005600 785218900
749942500 751043200 789847600
756074000 756950700 796742300
762087500 763421500 803278700
769921600 769450000 809856400
774617900 775530600 815947300
780539500 781831300 822867700
787770600 787921300 828974900
793049400 794501500 835521600
799541500 800631000 842508200
805483100 808018500 848780800
811966500 813358500 855570000
818392000 819741200 862235800
824804700 826091300 868842200
831210100 832223800 875689200
838958000 838600500 882433300
843915300 845205800 889147900
853168200 851529600 896035600
856901400 858597900 903167400
863561700 864761700 909646700
869863900 871235300 917997000
876716200 877855600 923748200
883211800 884861600 931950700
889719100 891307900 937553800
896619600 898337600 944870900
903283400 904863500 951693800
909901100 911672800 958612600
916532800 917823700 965668800
924506100 925570900 972650200
929883200 931569200 980571200
937081600 938416200 987048800
944052400 944955800 994856200
950355800 952357000 1001992900
957259100 960379500 1008707200
964299800 965868100 1016024900
971988000 972527100 1023250800
978457100 979472700 1031227400
985125600 986441900 1038536600
992147300 994071100 1045638600
999407400 1000358500 1053136300
1006441600 1007827900 1060841800
1013103900 1014710600 1068088300
1020309400 1021759000 1075720400
1027779900 1029856000 1082558700
1035018500 1036015600 1090281500
1043442500 1043419000 1097953200
1049816200 1051455200 1105629100
1056541900 1057621100 1114127400
1064718600 1065079400 1121140700
1070692600 1072348600 1128187100
1078254700 1079656600 1135886900
1085817200 1086715300 1143534400
1093256400 1094702500 1151523000
1100257900 1101484400 1159302400
1107932200 1109429400 1166916400
1115319700 1117187500 1175310100
1122635300 1124160700 1183040000
1131545200 1131500700 1190370400
1137286500 1139774600 1198334600
1145051400 1146783300 1207397400
1152755100 1153921200 1214866300
1161305800 1161531300 1222284900
1167553600 1169129100 1230986200
1175461900 1176697500 1238510100
1183361900 1184445300 1246316700
1190774700 1192315200 1254586100
1198174200 1200081100 1262840900
1206385900 1207694600 1270703200
1213842400 1215440400 1278578600
1221600200 1223350000 1287067200
1229460000 1230873600 1295490900
1239969300 1238836300 1303440300
1245040300 1246640400 1311785400
1253352500 1255091400 1320252900
1260825200 1262227100 1328793400
1268388100 1270575000 1336784100
1277186200 1278108100 1345191700
1284674300 1286372500 1353210200
1292489700 1294258600 1362312200
1301231000 1302515700 1370715200
1308908400 1310144500 1379028500
1317525500 1318297600 1387304300
1324945500 1326598300 1396027700
1332781200 1334784200 1404445700
1340739500 1344792200 1413616700
1349073000 1350492800 1421590400
1357697100 1358926600 1430361700
1366848200 1367483800 1438995700
1374645900 1375655700 1447675000
1382007800 1383890600 1457231700
1390159500 1392489800 1465550200
1398658100 1400627900 1473825400
1407208600 1408604600 1482320600
1418051200 1417478100 1491284800
1424073200 1426157800 1500103100
1432649100 1434639500 1509248800
1440377900 1442538100 1517679100
1448675100 1450739400 1528130000
1458158500 1458946500 1539121300
1466468500 1467929200 1545326900
1474947100 1476163500 1553549000
1483435900 1485665100 1563313400
1493754300 1493717500 1572062900
1500451300 1501906300 1581034800
1509195700 1511197800 1589785000
1517601200 1520018600 1599156700
1526929500 1528935300 1608217500
1535195900 1537177300 1617679900
1544270200 1548022500 1628459900
1552393300 1554603600 1636485600
1561702500 1563076900 1645581400
1570377500 1572277400 1655548000
1579860600 1580487500 1663675200
1587782300 1589600900 1673192400
1597075600 1598740100 1683411500
1606014200 1607926600 1692667300
1614738800 1616203200 1701678100
1624046800 1625653700 1711221800
